id,label
1,0
2,0
3,0
4,0
5,1
6,1
7,1
8,1
9,1
10,1
11,1
12,0
13,1
14,1
15,1
16,1
17,0
18,0
19,1
20,1
21,0
22,1
23,0
24,0
25,1
26,0
27,0
28,1
29,0
30,0
31,0
32,1
33,0
34,1
35,1
36,1
37,1
38,1
39,0
40,1
41,0
42,0
43,0
44,0
45,1
46,0
47,1
48,0
49,0
50,1
51,1
52,1
53,1
54,1
55,1
56,0
57,0
58,1
59,0
60,1
61,1
62,0
63,1
64,1
65,0
66,0
67,0
68,1
69,0
70,0
71,0
72,0
73,0
74,0
75,1
76,0
77,0
78,0
79,0
80,1
81,1
82,1
83,0
84,1
85,0
86,0
87,0
88,0
89,1
90,1
91,1
92,1
93,1
94,0
95,0
96,1
97,0
98,0
99,1
100,1
101,1
102,0
103,1
104,1
105,0
106,0
107,1
108,1
109,0
110,0
111,0
112,0
113,0
114,1
115,1
116,1
117,1
118,0
119,0
120,1
121,1
122,1
123,1
124,1
125,1
126,0
127,0
128,1
129,1
130,0
131,0
132,0
133,1
134,1
135,1
136,1
137,0
138,0
139,1
140,1
141,1
142,0
143,0
144,1
145,1
146,0
147,0
148,1
149,1
150,1
151,0
152,1
153,1
154,1
155,0
156,1
157,1
158,0
159,0
160,0
161,1
162,1
163,1
164,0
165,1
166,1
167,0
168,1
169,1
170,1
171,1
172,0
173,0
174,1
175,0
176,0
177,0
178,0
179,0
180,1
181,0
182,0
183,1
184,1
185,1
186,1
187,1
188,1
189,1
190,0
191,1
192,1
193,1
194,1
195,0
196,0
197,0
198,1
199,0
200,0
201,0
202,1
203,0
204,0
205,1
206,1
207,0
208,1
209,1
210,1
211,0
212,0
213,1
214,0
215,0
216,0
217,0
218,1
219,0
220,0
221,1
222,0
223,0
224,1
225,0
226,0
227,0
228,1
229,0
230,1
231,0
232,0
233,1
234,1
235,0
236,0
237,1
238,0
239,1
240,0
241,0
242,0
243,1
244,0
245,0
246,1
247,0
248,1
249,1
250,0
251,0
252,1
253,0
254,1
255,1
256,1
257,0
258,0
259,1
260,1
261,1
262,0
263,1
264,1
265,0
266,1
267,1
268,1
269,0
270,0
271,0
272,1
273,0
274,1
275,1
276,0
277,0
278,1
279,1
280,0
281,0
282,0
283,1
284,0
285,1
286,0
287,1
288,1
289,0
290,1
291,1
292,0
293,0
294,1
295,1
296,0
297,0
298,0
299,0
300,1
301,1
302,1
303,1
304,1
305,1
306,0
307,0
308,1
309,1
310,1
311,1
312,1
313,1
314,1
315,0
316,1
317,0
318,1
319,0
320,1
321,1
322,0
323,1
324,1
325,0
326,0
327,0
328,0
329,1
330,1
331,1
332,0
333,0
334,1
335,1
336,1
337,0
338,1
339,1
340,1
341,1
342,1
343,1
344,1
345,1
346,0
347,1
348,0
349,1
350,0
351,1
352,0
353,0
354,0
355,0
356,0
357,1
358,0
359,1
360,1
361,0
362,1
363,0
364,1
365,0
366,0
367,0
368,0
369,0
370,0
371,0
372,1
373,0
374,1
375,0
376,1
377,0
378,1
379,0
380,0
381,0
382,1
383,0
384,0
385,0
386,1
387,1
388,1
389,0
390,1
391,1
392,0
393,1
394,0
395,0
396,1
397,0
398,1
399,0
400,0
401,0
402,1
403,0
404,1
405,0
406,0
407,1
408,1
409,0
410,1
411,0
412,0
413,0
414,1
415,0
416,1
417,0
418,0
419,0
420,0
421,0
422,0
423,0
424,0
425,0
426,1
427,0
428,1
429,0
430,0
431,0
432,1
433,0
434,0
435,0
436,1
437,1
438,1
439,0
440,0
441,1
442,1
443,0
444,1
445,1
446,0
447,1
448,1
449,1
450,0
451,1
452,0
453,0
454,1
455,1
456,1
457,0
458,1
459,0
460,0
461,1
462,1
463,0
464,1
465,1
466,0
467,0
468,1
469,0
470,0
471,1
472,0
473,0
474,0
475,0
476,1
477,1
478,1
479,0
480,0
481,0
482,0
483,0
484,1
485,0
486,0
487,1
488,1
489,0
490,0
491,0
492,1
493,1
494,1
495,0
496,0
497,1
498,0
499,0
500,1
501,0
502,1
503,0
504,1
505,1
506,1
507,0
508,0
509,0
510,0
511,0
512,1
513,0
514,1
515,0
516,0
517,0
518,0
519,1
520,1
521,0
522,1
523,0
524,1
525,1
526,1
527,0
528,0
529,1
530,1
531,0
532,1
533,1
534,0
535,1
536,0
537,1
538,1
539,1
540,0
541,1
542,0
543,1
544,1
545,0
546,1
547,0
548,0
549,1
550,1
551,1
552,0
553,1
554,1
555,0
556,1
557,0
558,0
559,0
560,0
561,1
562,1
563,1
564,1
565,0
566,1
567,1
568,0
569,0
570,1
571,0
572,1
573,1
574,0
575,1
576,1
577,1
578,1
579,1
580,1
581,0
582,0
583,1
584,1
585,0
586,1
587,1
588,1
589,1
590,0
591,0
592,1
593,0
594,0
595,0
596,1
597,0
598,1
599,1
600,1
601,0
602,1
603,1
604,1
605,1
606,1
607,0
608,0
609,1
610,0
611,1
612,0
613,1
614,1
615,1
616,0
617,0
618,1
619,1
620,0
621,1
622,1
623,1
624,1
625,1
626,0
627,1
628,1
629,0
630,0
631,0
632,0
633,0
634,1
635,1
636,0
637,0
638,1
639,1
640,1
641,0
642,1
643,0
644,0
645,1
646,1
647,1
648,1
649,1
650,0
651,0
652,0
653,1
654,0
655,0
656,0
657,0
658,0
659,1
660,1
661,0
662,1
663,1
664,1
665,1
666,1
667,0
668,0
669,0
670,0
671,1
672,1
673,1
674,1
675,0
676,0
677,1
678,1
679,0
680,1
681,0
682,1
683,1
684,0
685,0
686,0
687,0
688,0
689,1
690,1
691,0
692,1
693,0
694,0
695,0
696,1
697,1
698,1
699,1
700,0
701,1
702,1
703,1
704,1
705,0
706,0
707,0
708,0
709,0
710,0
711,1
712,0
713,0
714,1
715,0
716,1
717,1
718,0
719,0
720,1
721,1
722,1
723,0
724,0
725,0
726,1
727,0
728,1
729,1
730,0
731,0
732,0
733,1
734,1
735,0
736,0
737,1
738,0
739,0
740,1
741,1
742,0
743,0
744,1
745,0
746,0
747,0
748,1
749,1
750,0
751,1
752,0
753,1
754,1
755,1
756,1
757,0
758,1
759,1
760,0
761,0
762,1
763,0
764,1
765,0
766,0
767,0
768,0
769,0
770,0
771,1
772,1
773,0
774,1
775,1
776,1
777,0
778,1
779,0
780,0
781,0
782,1
783,0
784,0
785,1
786,0
787,1
788,1
789,0
790,0
791,0
792,0
793,0
794,0
795,1
796,1
797,0
798,0
799,1
800,0
801,1
802,1
803,1
804,1
805,0
806,0
807,0
808,1
809,0
810,0
811,1
812,0
813,0
814,0
815,0
816,0
817,1
818,0
819,0
820,1
821,0
822,1
823,0
824,1
825,1
826,0
827,1
828,0
829,0
830,1
831,1
832,0
833,0
834,0
835,0
836,1
837,0
838,1
839,0
840,1
841,1
842,0
843,1
844,0
845,0
846,0
847,1
848,0
849,1
850,1
851,0
852,1
853,0
854,0
855,1
856,1
857,0
858,0
859,1
860,1
861,0
862,0
863,0
864,0
865,0
866,0
867,1
868,1
869,1
870,0
871,0
872,1
873,0
874,0
875,1
876,0
877,1
878,0
879,1
880,1
881,1
882,0
883,0
884,0
885,0
886,1
887,0
888,1
889,1
890,0
891,0
892,0
893,0
894,1
895,1
896,1
897,1
898,1
899,0
900,0
901,0
902,1
903,0
904,0
905,1
906,1
907,0
908,0
909,1
910,1
911,1
912,0
913,0
914,1
915,0
916,0
917,1
918,0
919,1
920,1
921,1
922,0
923,0
924,1
925,1
926,1
927,1
928,1
929,1
930,0
931,1
932,1
933,1
934,0
935,0
936,1
937,1
938,1
939,0
940,0
941,1
942,1
943,1
944,0
945,0
946,0
947,1
948,1
949,0
950,0
951,1
952,1
953,0
954,1
955,0
956,0
957,0
958,0
959,1
960,0
961,1
962,0
963,0
964,1
965,1
966,0
967,1
968,0
969,0
970,0
971,0
972,0
973,1
974,0
975,1
976,1
977,1
978,1
979,0
980,0
981,0
982,0
983,0
984,0
985,1
986,1
987,1
988,1
989,0
990,1
991,1
992,0
993,0
994,1
995,1
996,1
997,0
998,0
999,1
1000,0
1001,1
1002,0
1003,0
1004,0
1005,1
1006,0
1007,0
1008,1
1009,0
1010,0
1011,1
1012,0
1013,1
1014,0
1015,1
1016,1
1017,1
1018,0
1019,0
1020,1
1021,1
1022,1
1023,1
1024,1
1025,1
1026,1
1027,1
1028,1
1029,1
1030,1
1031,1
1032,0
1033,0
1034,0
1035,1
1036,0
1037,0
1038,0
1039,1
1040,0
1041,1
1042,1
1043,1
1044,0
1045,1
1046,1
1047,1
1048,0
1049,1
1050,1
1051,1
1052,0
1053,0
1054,0
1055,0
1056,0
1057,0
1058,0
1059,0
1060,1
1061,1
1062,1
1063,1
1064,1
1065,1
1066,0
1067,0
1068,0
1069,1
1070,0
1071,1
1072,0
1073,1
1074,0
1075,0
1076,1
1077,0
1078,1
1079,0
1080,0
1081,0
1082,0
1083,0
1084,1
1085,1
1086,0
1087,0
1088,1
1089,0
1090,1
1091,0
1092,1
1093,0
1094,0
1095,0
1096,0
1097,1
1098,1
1099,1
1100,0
1101,0
1102,1
1103,1
1104,1
1105,0
1106,0
1107,1
1108,0
1109,1
1110,1
1111,1
1112,1
1113,1
1114,0
1115,0
1116,0
1117,1
1118,1
1119,1
1120,1
1121,0
1122,0
1123,1
1124,1
1125,1
1126,1
1127,1
1128,1
1129,0
1130,0
1131,0
1132,1
1133,1
1134,1
1135,1
1136,0
1137,1
1138,1
1139,1
1140,1
1141,1
1142,1
1143,1
1144,0
1145,0
1146,0
1147,0
1148,1
1149,0
1150,1
1151,0
1152,1
1153,1
1154,0
1155,0
1156,1
1157,0
1158,0
1159,1
1160,1
1161,0
1162,1
1163,1
1164,1
1165,0
1166,0
1167,0
1168,1
1169,0
1170,0
1171,1
1172,0
1173,0
1174,0
1175,0
1176,1
1177,1
1178,1
1179,0
1180,0
1181,1
1182,0
1183,0
1184,0
1185,1
1186,0
1187,1
1188,0
1189,1
1190,1
1191,0
1192,1
1193,1
1194,1
1195,0
1196,1
1197,0
1198,1
1199,1
1200,0
1201,0
1202,1
1203,0
1204,1
1205,0
1206,1
1207,0
1208,1
1209,1
1210,0
1211,0
1212,1
1213,1
1214,0
1215,0
1216,0
1217,0
1218,1
1219,0
1220,1
1221,1
1222,0
1223,0
1224,0
1225,1
1226,1
1227,0
1228,1
1229,1
1230,1
1231,1
1232,0
1233,1
1234,1
1235,0
1236,0
1237,0
1238,0
1239,1
1240,1
1241,0
1242,0
1243,1
1244,1
1245,0
1246,1
1247,1
1248,0
1249,1
1250,0
1251,1
1252,1
1253,0
1254,1
1255,1
1256,1
1257,0
1258,1
1259,1
1260,1
1261,0
1262,1
1263,1
1264,1
1265,1
1266,1
1267,0
1268,1
1269,0
1270,1
1271,0
1272,0
1273,0
1274,1
1275,0
1276,0
1277,1
1278,1
1279,0
1280,0
1281,1
1282,1
1283,0
1284,0
1285,1
1286,0
1287,1
1288,1
1289,0
1290,0
1291,1
1292,1
1293,1
1294,0
1295,1
1296,1
1297,1
1298,1
1299,1
1300,1
1301,0
1302,1
1303,1
1304,0
1305,0
1306,0
1307,1
1308,0
1309,1
1310,1
1311,0
1312,0
1313,1
1314,0
1315,0
1316,1
1317,0
1318,0
1319,0
1320,1
1321,1
1322,1
1323,1
1324,1
1325,1
1326,1
1327,0
1328,0
1329,0
1330,1
1331,1
1332,0
1333,0
1334,0
1335,1
1336,1
1337,1
1338,1
1339,1
1340,0
1341,1
1342,0
1343,0
1344,1
1345,1
1346,1
1347,1
1348,1
1349,1
1350,0
1351,0
1352,1
1353,0
1354,1
1355,1
1356,0
1357,1
1358,0
1359,1
1360,0
1361,1
1362,1
1363,1
1364,1
1365,0
1366,0
1367,1
1368,1
1369,0
1370,1
1371,1
1372,0
1373,0
1374,1
1375,1
1376,0
1377,0
1378,0
1379,1
1380,0
1381,0
1382,0
1383,1
1384,0
1385,0
1386,0
1387,0
1388,1
1389,0
1390,1
1391,1
1392,1
1393,0
1394,1
1395,0
1396,1
1397,1
1398,1
1399,0
1400,0
1401,0
1402,0
1403,1
1404,1
1405,0
1406,1
1407,1
1408,1
1409,0
1410,1
1411,0
1412,1
1413,0
1414,0
1415,1
1416,1
1417,1
1418,1
1419,1
1420,0
1421,0
1422,1
1423,1
1424,0
1425,1
1426,1
1427,0
1428,0
1429,0
1430,0
1431,0
1432,0
1433,0
1434,0
1435,0
1436,0
1437,0
1438,1
1439,1
1440,1
1441,1
1442,0
1443,0
1444,0
1445,0
1446,1
1447,1
1448,1
1449,0
1450,1
1451,1
1452,0
1453,1
1454,1
1455,1
1456,1
1457,0
1458,0
1459,1
1460,0
1461,1
1462,1
1463,1
1464,1
1465,1
1466,1
1467,1
1468,0
1469,0
1470,0
1471,0
1472,1
1473,1
1474,1
1475,1
1476,0
1477,0
1478,1
1479,0
1480,1
1481,0
1482,0
1483,0
1484,1
1485,1
1486,0
1487,1
1488,1
1489,1
1490,0
1491,1
1492,1
1493,0
1494,1
1495,0
1496,0
1497,0
1498,0
1499,1
1500,1
1501,0
1502,1
1503,1
1504,1
1505,1
1506,0
1507,1
1508,0
1509,0
1510,1
1511,1
1512,0
1513,1
1514,1
1515,1
1516,0
1517,1
1518,1
1519,0
1520,1
1521,0
1522,1
1523,1
1524,1
1525,0
1526,0
1527,1
1528,1
1529,0
1530,0
1531,0
1532,1
1533,1
1534,1
1535,1
1536,0
1537,0
1538,0
1539,1
1540,1
1541,0
1542,0
1543,0
1544,0
1545,1
1546,0
1547,0
1548,1
1549,0
1550,1
1551,1
1552,1
1553,0
1554,0
1555,1
1556,1
1557,0
1558,1
1559,1
1560,1
1561,1
1562,0
1563,0
1564,0
1565,1
1566,1
1567,1
1568,0
1569,0
1570,1
1571,0
1572,0
1573,0
1574,0
1575,0
1576,0
1577,0
1578,1
1579,1
1580,0
1581,0
1582,1
1583,0
1584,1
1585,1
1586,1
1587,1
1588,1
1589,1
1590,0
1591,0
1592,1
1593,0
1594,0
1595,1
1596,0
1597,1
1598,1
1599,0
1600,0
1601,1
1602,0
1603,1
1604,1
1605,0
1606,1
1607,1
1608,1
1609,0
1610,0
1611,1
1612,0
1613,1
1614,1
1615,1
1616,1
1617,0
1618,1
1619,0
1620,0
1621,0
1622,1
1623,1
1624,1
1625,0
1626,1
1627,1
1628,0
1629,0
1630,0
1631,1
1632,0
1633,0
1634,0
1635,0
1636,1
1637,0
1638,0
1639,0
1640,0
1641,1
1642,0
1643,0
1644,0
1645,0
1646,1
1647,0
1648,1
1649,1
1650,1
1651,1
1652,0
1653,0
1654,0
1655,0
1656,1
1657,1
1658,0
1659,0
1660,1
1661,1
1662,0
1663,1
1664,1
1665,1
1666,1
1667,0
1668,1
1669,0
1670,1
1671,0
1672,0
1673,1
1674,1
1675,1
1676,0
1677,0
1678,0
1679,1
1680,1
1681,1
1682,0
1683,1
1684,0
1685,0
1686,0
1687,0
1688,0
1689,1
1690,0
1691,0
1692,0
1693,0
1694,1
1695,1
1696,0
1697,1
1698,1
1699,0
1700,1
1701,0
1702,0
1703,0
1704,0
1705,0
1706,0
1707,1
1708,0
1709,1
1710,1
1711,0
1712,1
1713,1
1714,0
1715,1
1716,0
1717,0
1718,1
1719,0
1720,0
1721,1
1722,0
1723,1
1724,1
1725,0
1726,0
1727,0
1728,0
1729,1
1730,0
1731,1
1732,0
1733,0
1734,1
1735,1
1736,1
1737,0
1738,1
1739,0
1740,1
1741,1
1742,0
1743,0
1744,0
1745,1
1746,0
1747,1
1748,1
1749,1
1750,1
1751,0
1752,1
1753,0
1754,1
1755,0
1756,1
1757,1
1758,0
1759,0
1760,1
1761,0
1762,0
1763,1
1764,0
1765,1
1766,0
1767,0
1768,0
1769,0
1770,1
1771,1
1772,1
1773,0
1774,1
1775,1
1776,0
1777,1
1778,1
1779,1
1780,1
1781,0
1782,0
1783,1
1784,1
1785,1
1786,0
1787,0
1788,0
1789,0
1790,1
1791,0
1792,1
1793,1
1794,0
1795,1
1796,1
1797,0
1798,1
1799,1
1800,0
1801,0
1802,1
1803,0
1804,1
1805,1
1806,1
1807,0
1808,1
1809,0
1810,1
1811,0
1812,0
1813,0
1814,0
1815,1
1816,0
1817,0
1818,1
1819,0
1820,1
1821,0
1822,1
1823,1
1824,1
1825,0
1826,1
1827,1
1828,1
1829,0
1830,1
1831,0
1832,0
1833,1
1834,1
1835,1
1836,1
1837,0
1838,0
1839,1
1840,0
1841,0
1842,0
1843,1
1844,1
1845,0
1846,0
1847,1
1848,0
1849,0
1850,0
1851,0
1852,1
1853,0
1854,1
1855,0
1856,0
1857,1
1858,1
1859,0
1860,0
1861,1
1862,1
1863,0
1864,1
1865,0
1866,0
1867,1
1868,1
1869,1
1870,1
1871,0
1872,0
1873,0
1874,0
1875,1
1876,0
1877,0
1878,0
1879,1
1880,1
1881,0
1882,0
1883,1
1884,0
1885,1
1886,0
1887,1
1888,0
1889,1
1890,1
1891,0
1892,0
1893,1
1894,1
1895,0
1896,1
1897,1
1898,1
1899,1
1900,1
1901,1
1902,0
1903,0
1904,0
1905,0
1906,0
1907,1
1908,0
1909,0
1910,0
1911,1
1912,0
1913,1
1914,0
1915,0
1916,0
1917,0
1918,1
1919,0
1920,1
1921,1
1922,0
1923,1
1924,1
1925,0
1926,1
1927,1
1928,0
1929,1
1930,0
1931,1
1932,0
1933,0
1934,1
1935,1
1936,1
1937,0
1938,0
1939,0
1940,0
1941,0
1942,1
1943,1
1944,1
1945,1
1946,1
1947,0
1948,0
1949,0
1950,0
1951,1
1952,1
1953,1
1954,0
1955,1
1956,0
1957,1
1958,1
1959,1
1960,1
1961,1
1962,0
1963,1
1964,1
1965,1
1966,0
1967,1
1968,0
1969,1
1970,0
1971,1
1972,0
1973,1
1974,1
1975,1
1976,1
1977,0
1978,1
1979,0
1980,0
1981,0
1982,1
1983,0
1984,0
1985,1
1986,0
1987,0
1988,1
1989,0
1990,0
1991,0
1992,1
1993,1
1994,0
1995,1
1996,0
1997,0
1998,0
1999,1
2000,0
2001,0
2002,0
2003,1
2004,0
2005,0
2006,1
2007,0
2008,0
2009,0
2010,0
2011,0
2012,1
2013,1
2014,1
2015,0
2016,1
2017,1
2018,1
2019,1
2020,1
2021,1
2022,1
2023,1
2024,1
2025,1
2026,1
2027,1
2028,1
2029,1
2030,1
2031,1
2032,1
2033,0
2034,1
2035,0
2036,1
2037,1
2038,0
2039,1
2040,0
2041,0
2042,0
2043,1
2044,1
2045,1
2046,0
2047,1
2048,1
2049,1
2050,0
2051,1
2052,0
2053,1
2054,0
2055,0
2056,0
2057,0
2058,1
2059,0
2060,0
2061,0
2062,0
2063,0
2064,0
2065,0
2066,1
2067,0
2068,1
2069,0
2070,0
2071,0
2072,1
2073,1
2074,1
2075,1
2076,1
2077,0
2078,0
2079,1
2080,1
2081,0
2082,0
2083,0
2084,0
2085,0
2086,0
2087,1
2088,1
2089,1
2090,1
2091,0
2092,0
2093,1
2094,1
2095,0
2096,1
2097,1
2098,0
2099,0
2100,1
2101,0
2102,0
2103,0
2104,0
2105,1
2106,1
2107,0
2108,1
2109,0
2110,0
2111,0
2112,1
2113,1
2114,0
2115,1
2116,1
2117,0
2118,1
2119,0
2120,0
2121,1
2122,0
2123,0
2124,0
2125,0
2126,0
2127,1
2128,1
2129,0
2130,1
2131,1
2132,1
2133,1
2134,0
2135,0
2136,0
2137,1
2138,0
2139,1
2140,0
2141,1
2142,1
2143,0
2144,1
2145,0
2146,0
2147,1
2148,1
2149,1
2150,1
2151,1
2152,1
2153,1
2154,0
2155,0
2156,1
2157,0
2158,0
2159,1
2160,0
2161,1
2162,1
2163,0
2164,1
2165,1
2166,1
2167,1
2168,1
2169,1
2170,1
2171,0
2172,1
2173,0
2174,0
2175,0
2176,0
2177,0
2178,0
2179,0
2180,0
2181,1
2182,0
2183,1
2184,0
2185,0
2186,0
2187,1
2188,1
2189,0
2190,1
2191,1
2192,1
2193,0
2194,0
2195,1
2196,0
2197,0
2198,0
2199,0
2200,1
2201,0
2202,0
2203,1
2204,0
2205,1
2206,1
2207,1
2208,1
2209,0
2210,0
2211,0
2212,0
2213,1
2214,0
2215,0
2216,0
2217,0
2218,1
2219,1
2220,0
2221,0
2222,0
2223,0
2224,1
2225,1
2226,0
2227,1
2228,0
2229,0
2230,0
2231,1
2232,0
2233,1
2234,0
2235,1
2236,1
2237,1
2238,0
2239,1
2240,0
2241,0
2242,1
2243,1
2244,0
2245,1
2246,0
2247,1
2248,1
2249,0
2250,0
2251,1
2252,1
2253,0
2254,0
2255,0
2256,1
2257,1
2258,0
2259,0
2260,0
2261,0
2262,1
2263,0
2264,1
2265,1
2266,1
2267,0
2268,1
2269,1
2270,1
2271,0
2272,0
2273,1
2274,1
2275,0
2276,0
2277,1
2278,1
2279,1
2280,0
2281,0
2282,1
2283,1
2284,0
2285,0
2286,0
2287,1
2288,1
2289,1
2290,1
2291,0
2292,1
2293,1
2294,0
2295,0
2296,1
2297,0
2298,1
2299,1
2300,0
2301,0
2302,1
2303,1
2304,0
2305,0
2306,0
2307,1
2308,0
2309,1
2310,0
2311,0
2312,1
2313,0
2314,1
2315,0
2316,0
2317,1
2318,1
2319,0
2320,0
2321,1
2322,0
2323,1
2324,0
2325,0
2326,1
2327,0
2328,1
2329,1
2330,1
2331,1
2332,1
2333,0
2334,0
2335,1
2336,0
2337,1
2338,1
2339,0
2340,0
2341,1
2342,0
2343,1
2344,1
2345,0
2346,1
2347,1
2348,1
2349,1
2350,0
2351,0
2352,1
2353,1
2354,1
2355,0
2356,1
2357,0
2358,0
2359,0
2360,1
2361,0
2362,0
2363,1
2364,1
2365,0
2366,0
2367,1
2368,0
2369,1
2370,1
2371,1
2372,0
2373,0
2374,0
2375,1
2376,0
2377,1
2378,0
2379,1
2380,1
2381,0
2382,1
2383,0
2384,0
2385,0
2386,0
2387,1
2388,0
2389,0
2390,1
2391,0
2392,1
2393,0
2394,1
2395,1
2396,1
2397,1
2398,0
2399,1
2400,0
2401,1
2402,0
2403,0
2404,0
2405,1
2406,0
2407,1
2408,1
2409,0
2410,1
2411,1
2412,0
2413,1
2414,1
2415,1
2416,0
2417,1
2418,1
2419,1
2420,1
2421,1
2422,0
2423,1
2424,1
2425,1
2426,1
2427,1
2428,0
2429,1
2430,0
2431,0
2432,0
2433,0
2434,1
2435,1
2436,1
2437,0
2438,0
2439,1
2440,1
2441,1
2442,0
2443,1
2444,0
2445,0
2446,1
2447,0
2448,0
2449,1
2450,0
2451,0
2452,0
2453,1
2454,1
2455,1
2456,0
2457,0
2458,1
2459,0
2460,1
2461,1
2462,0
2463,1
2464,0
2465,0
2466,0
2467,0
2468,0
2469,0
2470,0
2471,0
2472,0
2473,1
2474,0
2475,1
2476,0
2477,1
2478,0
2479,1
2480,1
2481,0
2482,0
2483,0
2484,0
2485,1
2486,1
2487,0
2488,1
2489,0
2490,0
2491,0
2492,1
2493,1
2494,0
2495,1
2496,1
2497,1
2498,0
2499,1
2500,1
2501,1
2502,1
2503,1
2504,0
2505,0
2506,0
2507,0
2508,1
2509,0
2510,0
2511,0
2512,1
2513,1
2514,0
2515,0
2516,1
2517,1
2518,0
2519,1
2520,0
2521,0
2522,1
2523,0
2524,1
2525,0
2526,1
2527,0
2528,1
2529,0
2530,1
2531,1
2532,0
2533,0
2534,1
2535,1
2536,1
2537,0
2538,1
2539,0
2540,1
2541,0
2542,1
2543,0
2544,0
2545,1
2546,0
2547,0
2548,1
2549,1
2550,1
2551,1
2552,0
2553,1
2554,1
2555,0
2556,0
2557,1
2558,1
2559,0
2560,0
2561,0
2562,0
2563,1
2564,1
2565,1
2566,0
2567,1
2568,0
2569,0
2570,0
2571,1
2572,1
2573,0
2574,1
2575,0
2576,1
2577,0
2578,1
2579,0
2580,1
2581,0
2582,0
2583,0
2584,1
2585,1
2586,1
2587,1
2588,1
2589,0
2590,0
2591,1
2592,1
2593,1
2594,0
2595,1
2596,1
2597,1
2598,0
2599,0
2600,0
2601,0
2602,0
2603,1
2604,1
2605,0
2606,0
2607,1
2608,1
2609,0
2610,1
2611,1
2612,0
2613,0
2614,0
2615,1
2616,0
2617,0
2618,1
2619,1
2620,1
2621,1
2622,1
2623,1
2624,0
2625,1
2626,0
2627,0
2628,0
2629,0
2630,1
2631,1
2632,1
2633,1
2634,0
2635,0
2636,0
2637,1
2638,0
2639,1
2640,1
2641,0
2642,0
2643,0
2644,0
2645,0
2646,1
2647,1
2648,0
2649,1
2650,1
2651,0
2652,1
2653,1
2654,1
2655,1
2656,0
2657,1
2658,1
2659,0
2660,1
2661,0
2662,1
2663,0
2664,0
2665,1
2666,1
2667,1
2668,1
2669,1
2670,1
2671,0
2672,1
2673,0
2674,1
2675,1
2676,1
2677,0
2678,0
2679,0
2680,0
2681,1
2682,0
2683,0
2684,0
2685,1
2686,1
2687,1
2688,1
2689,0
2690,1
2691,0
2692,0
2693,1
2694,1
2695,0
2696,1
2697,0
2698,1
2699,1
2700,0
2701,1
2702,0
2703,1
2704,0
2705,1
2706,1
2707,1
2708,1
2709,0
2710,0
2711,1
2712,0
2713,0
2714,0
2715,1
2716,0
2717,0
2718,0
2719,0
2720,0
2721,0
2722,0
2723,1
2724,0
2725,1
2726,1
2727,0
2728,1
2729,1
2730,0
2731,1
2732,0
2733,1
2734,1
2735,1
2736,1
2737,0
2738,0
2739,0
2740,0
2741,1
2742,1
2743,0
2744,0
2745,0
2746,1
2747,1
2748,0
2749,1
2750,1
2751,0
2752,0
2753,1
2754,1
2755,0
2756,0
2757,0
2758,1
2759,0
2760,1
2761,0
2762,1
2763,0
2764,1
2765,1
2766,0
2767,0
2768,0
2769,1
2770,0
2771,0
2772,1
2773,1
2774,0
2775,0
2776,0
2777,0
2778,0
2779,1
2780,1
2781,1
2782,1
2783,1
2784,1
2785,1
2786,0
2787,0
2788,0
2789,0
2790,1
2791,0
2792,0
2793,1
2794,1
2795,0
2796,0
2797,1
2798,0
2799,1
2800,0
2801,0
2802,0
2803,1
2804,0
2805,1
2806,0
2807,1
2808,1
2809,1
2810,1
2811,1
2812,1
2813,0
2814,1
2815,1
2816,1
2817,1
2818,1
2819,1
2820,0
2821,1
2822,0
2823,1
2824,0
2825,1
2826,0
2827,0
2828,1
2829,1
2830,0
2831,1
2832,0
2833,0
2834,0
2835,0
2836,1
2837,1
2838,1
2839,1
2840,1
2841,1
2842,0
2843,0
2844,0
2845,0
2846,0
2847,0
2848,1
2849,1
2850,1
2851,1
2852,1
2853,1
2854,1
2855,0
2856,0
2857,1
2858,1
2859,1
2860,0
2861,0
2862,0
2863,1
2864,0
2865,1
2866,1
2867,0
2868,0
2869,1
2870,0
2871,0
2872,1
2873,1
2874,1
2875,0
2876,0
2877,0
2878,0
2879,0
2880,1
2881,0
2882,0
2883,1
2884,0
2885,0
2886,1
2887,1
2888,1
2889,0
2890,1
2891,0
2892,0
2893,1
2894,0
2895,0
2896,1
2897,1
2898,1
2899,0
2900,0
2901,1
2902,1
2903,1
2904,0
2905,0
2906,1
2907,0
2908,1
2909,1
2910,0
2911,0
2912,0
2913,0
2914,1
2915,1
2916,0
2917,1
2918,1
2919,0
2920,1
2921,1
2922,1
2923,0
2924,0
2925,0
2926,0
2927,0
2928,0
2929,1
2930,1
2931,0
2932,1
2933,1
2934,1
2935,1
2936,0
2937,1
2938,1
2939,0
2940,0
2941,1
2942,1
2943,1
2944,1
2945,0
2946,0
2947,1
2948,0
2949,0
2950,0
2951,0
2952,0
2953,1
2954,1
2955,1
2956,0
2957,1
2958,0
2959,1
2960,1
2961,0
2962,1
2963,1
2964,0
2965,1
2966,1
2967,1
2968,1
2969,0
2970,1
2971,0
2972,0
2973,1
2974,0
2975,0
2976,1
2977,1
2978,1
2979,1
2980,1
2981,0
2982,0
2983,1
2984,0
2985,1
2986,1
2987,1
2988,0
2989,1
2990,0
2991,1
2992,0
2993,1
2994,1
2995,1
2996,0
2997,1
2998,0
2999,1
3000,0
3001,0
3002,0
3003,1
3004,1
3005,1
3006,0
3007,0
3008,1
3009,0
3010,1
3011,0
3012,1
3013,1
3014,1
3015,0
3016,0
3017,1
3018,0
3019,0
3020,0
3021,0
3022,1
3023,1
3024,0
3025,1
3026,1
3027,1
3028,0
3029,0
3030,1
3031,1
3032,0
3033,1
3034,1
3035,1
3036,1
3037,0
3038,0
3039,0
3040,1
3041,0
3042,1
3043,0
3044,0
3045,0
3046,1
3047,1
3048,1
3049,1
3050,0
3051,0
3052,0
3053,1
3054,1
3055,1
3056,1
3057,0
3058,1
3059,0
3060,0
3061,0
3062,0
3063,1
3064,0
3065,0
3066,0
3067,1
3068,0
3069,0
3070,0
3071,1
3072,0
3073,0
3074,0
3075,0
3076,0
3077,1
3078,0
3079,1
3080,1
3081,1
3082,0
3083,0
3084,1
3085,0
3086,0
3087,1
3088,1
3089,0
3090,1
3091,1
3092,0
3093,1
3094,0
3095,0
3096,0
3097,1
3098,1
3099,0
3100,1
3101,0
3102,0
3103,0
3104,1
3105,0
3106,1
3107,1
3108,1
3109,0
3110,0
3111,1
3112,0
3113,1
3114,0
3115,0
3116,0
3117,0
3118,1
3119,0
3120,0
3121,1
3122,1
3123,1
3124,0
3125,0
3126,1
3127,1
3128,0
3129,0
3130,1
3131,1
3132,1
3133,0
3134,0
3135,1
3136,0
3137,0
3138,0
3139,0
3140,0
3141,0
3142,1
3143,0
3144,1
3145,0
3146,1
3147,0
3148,0
3149,0
3150,1
3151,0
3152,0
3153,1
3154,1
3155,0
3156,0
3157,0
3158,1
3159,0
3160,0
3161,1
3162,0
3163,1
3164,1
3165,1
3166,0
3167,1
3168,1
3169,1
3170,0
3171,1
3172,1
3173,1
3174,1
3175,1
3176,0
3177,1
3178,0
3179,1
3180,1
3181,0
3182,0
3183,1
3184,0
3185,1
3186,1
3187,0
3188,1
3189,0
3190,1
3191,1
3192,0
3193,1
3194,1
3195,0
3196,0
3197,1
3198,0
3199,1
3200,0
3201,0
3202,1
3203,0
3204,0
3205,1
3206,0
3207,1
3208,1
3209,0
3210,1
3211,1
3212,0
3213,1
3214,1
3215,0
3216,0
3217,0
3218,1
3219,1
3220,1
3221,1
3222,0
3223,0
3224,0
3225,1
3226,0
3227,1
3228,1
3229,0
3230,1
3231,1
3232,1
3233,1
3234,1
3235,0
3236,1
3237,0
3238,0
3239,0
3240,0
3241,0
3242,1
3243,0
3244,0
3245,0
3246,1
3247,0
3248,0
3249,1
3250,1
3251,1
3252,0
3253,0
3254,0
3255,1
3256,1
3257,1
3258,0
3259,0
3260,0
3261,0
3262,0
3263,1
3264,1
3265,1
3266,1
3267,1
3268,1
3269,0
3270,1
3271,1
3272,0
3273,0
3274,0
3275,1
3276,1
3277,0
3278,1
3279,0
3280,1
3281,1
3282,1
3283,1
3284,0
3285,1
3286,1
3287,0
3288,0
3289,1
3290,1
3291,0
3292,0
3293,0
3294,0
3295,1
3296,1
3297,1
3298,0
3299,1
3300,1
3301,0
3302,0
3303,0
3304,0
3305,1
3306,1
3307,1
3308,0
3309,0
3310,0
3311,1
3312,0
3313,1
3314,0
3315,0
3316,1
3317,0
3318,1
3319,0
3320,1
3321,0
3322,1
3323,0
3324,1
3325,0
3326,1
3327,0
3328,0
3329,0
3330,1
3331,0
3332,1
3333,1
3334,0
3335,1
3336,0
3337,0
3338,0
3339,0
3340,0
3341,1
3342,1
3343,1
3344,0
3345,0
3346,0
3347,1
3348,1
3349,1
3350,1
3351,0
3352,1
3353,1
3354,0
3355,0
3356,0
3357,0
3358,0
3359,0
3360,1
3361,0
3362,0
3363,0
3364,0
3365,1
3366,0
3367,0
3368,1
3369,1
3370,1
3371,1
3372,0
3373,0
3374,0
3375,0
3376,1
3377,1
3378,0
3379,1
3380,0
3381,1
3382,1
3383,0
3384,0
3385,0
3386,1
3387,1
3388,1
3389,1
3390,1
3391,0
3392,1
3393,1
3394,1
3395,0
3396,0
3397,1
3398,1
3399,0
3400,0
3401,0
3402,1
3403,1
3404,1
3405,1
3406,1
3407,0
3408,0
3409,0
3410,0
3411,1
3412,0
3413,0
3414,0
3415,1
3416,0
3417,0
3418,1
3419,0
3420,0
3421,0
3422,0
3423,1
3424,0
3425,0
3426,0
3427,0
3428,1
3429,1
3430,0
3431,1
3432,0
3433,0
3434,0
3435,0
3436,0
3437,0
3438,1
3439,1
3440,1
3441,0
3442,0
3443,1
3444,1
3445,0
3446,0
3447,1
3448,1
3449,1
3450,1
3451,1
3452,0
3453,1
3454,0
3455,0
3456,1
3457,1
3458,1
3459,0
3460,1
3461,1
3462,1
3463,1
3464,0
3465,1
3466,1
3467,0
3468,0
3469,0
3470,0
3471,0
3472,1
3473,1
3474,1
3475,1
3476,1
3477,1
3478,0
3479,0
3480,1
3481,0
3482,0
3483,1
3484,0
3485,0
3486,0
3487,1
3488,0
3489,1
3490,0
3491,0
3492,1
3493,1
3494,0
3495,0
3496,1
3497,0
3498,1
3499,1
3500,0
3501,1
3502,1
3503,1
3504,0
3505,0
3506,0
3507,0
3508,0
3509,0
3510,1
3511,0
3512,0
3513,1
3514,1
3515,0
3516,1
3517,1
3518,1
3519,0
3520,0
3521,0
3522,0
3523,0
3524,0
3525,1
3526,0
3527,0
3528,1
3529,0
3530,0
3531,1
3532,0
3533,1
3534,1
3535,0
3536,0
3537,1
3538,0
3539,0
3540,1
3541,1
3542,0
3543,1
3544,0
3545,1
3546,0
3547,1
3548,1
3549,1
3550,0
3551,1
3552,0
3553,1
3554,0
3555,1
3556,1
3557,0
3558,0
3559,1
3560,1
3561,1
3562,0
3563,0
3564,1
3565,1
3566,1
3567,0
3568,0
3569,0
3570,0
3571,0
3572,0
3573,1
3574,0
3575,1
3576,1
3577,1
3578,1
3579,1
3580,0
3581,1
3582,0
3583,1
3584,1
3585,0
3586,1
3587,0
3588,0
3589,1
3590,1
3591,1
3592,0
3593,0
3594,1
3595,0
3596,0
3597,1
3598,1
3599,1
3600,0
3601,0
3602,1
3603,1
3604,1
3605,1
3606,0
3607,1
3608,0
3609,1
3610,0
3611,1
3612,1
3613,0
3614,1
3615,0
3616,1
3617,1
3618,1
3619,1
3620,1
3621,0
3622,1
3623,0
3624,1
3625,0
3626,0
3627,0
3628,1
3629,1
3630,0
3631,0
3632,0
3633,0
3634,0
3635,1
3636,1
3637,0
3638,1
3639,1
3640,1
3641,0
3642,0
3643,1
3644,1
3645,0
3646,0
3647,1
3648,0
3649,1
3650,0
3651,1
3652,1
3653,0
3654,1
3655,0
3656,1
3657,1
3658,0
3659,0
3660,0
3661,0
3662,1
3663,1
3664,0
3665,1
3666,1
3667,1
3668,1
3669,0
3670,1
3671,1
3672,1
3673,1
3674,0
3675,0
3676,0
3677,0
3678,1
3679,1
3680,0
3681,1
3682,0
3683,1
3684,1
3685,1
3686,1
3687,1
3688,0
3689,1
3690,0
3691,1
3692,1
3693,0
3694,1
3695,1
3696,1
3697,0
3698,1
3699,1
3700,1
3701,0
3702,1
3703,1
3704,1
3705,1
3706,0
3707,0
3708,0
3709,1
3710,0
3711,1
3712,1
3713,0
3714,0
3715,0
3716,0
3717,0
3718,0
3719,0
3720,1
3721,1
3722,0
3723,1
3724,1
3725,1
3726,1
3727,1
3728,1
3729,1
3730,1
3731,1
3732,1
3733,1
3734,0
3735,0
3736,0
3737,1
3738,1
3739,0
3740,1
3741,0
3742,0
3743,1
3744,0
3745,1
3746,1
3747,1
3748,1
3749,0
3750,0
3751,0
3752,0
3753,1
3754,0
3755,0
3756,0
3757,0
3758,0
3759,1
3760,1
3761,0
3762,1
3763,1
3764,1
3765,0
3766,1
3767,1
3768,0
3769,1
3770,0
3771,0
3772,0
3773,1
3774,0
3775,0
3776,1
3777,1
3778,0
3779,1
3780,0
3781,1
3782,1
3783,0
3784,0
3785,0
3786,1
3787,0
3788,0
3789,0
3790,1
3791,1
3792,0
3793,0
3794,0
3795,0
3796,1
3797,0
3798,1
3799,0
3800,0
3801,0
3802,0
3803,0
3804,1
3805,0
3806,0
3807,0
3808,0
3809,0
3810,0
3811,0
3812,0
3813,0
3814,0
3815,1
3816,0
3817,0
3818,0
3819,0
3820,0
3821,1
3822,1
3823,0
3824,1
3825,1
3826,0
3827,0
3828,0
3829,0
3830,1
3831,1
3832,1
3833,0
3834,1
3835,1
3836,1
3837,1
3838,0
3839,1
3840,1
3841,1
3842,1
3843,1
3844,0
3845,1
3846,1
3847,1
3848,0
3849,0
3850,1
3851,1
3852,1
3853,1
3854,1
3855,0
3856,1
3857,1
3858,0
3859,1
3860,0
3861,1
3862,0
3863,1
3864,1
3865,1
3866,1
3867,0
3868,1
3869,1
3870,1
3871,1
3872,1
3873,1
3874,0
3875,0
3876,1
3877,0
3878,1
3879,1
3880,1
3881,1
3882,0
3883,1
3884,0
3885,1
3886,1
3887,1
3888,1
3889,1
3890,1
3891,0
3892,1
3893,0
3894,0
3895,1
3896,0
3897,0
3898,1
3899,0
3900,1
3901,1
3902,1
3903,1
3904,0
3905,0
3906,1
3907,0
3908,0
3909,0
3910,0
3911,1
3912,1
3913,0
3914,0
3915,0
3916,1
3917,0
3918,0
3919,0
3920,1
3921,0
3922,1
3923,0
3924,0
3925,0
3926,0
3927,0
3928,0
3929,0
3930,1
3931,0
3932,1
3933,0
3934,1
3935,1
3936,1
3937,0
3938,1
3939,0
3940,0
3941,1
3942,0
3943,0
3944,1
3945,0
3946,0
3947,0
3948,0
3949,0
3950,0
3951,1
3952,0
3953,1
3954,0
3955,0
3956,0
3957,1
3958,1
3959,1
3960,0
3961,0
3962,0
3963,1
3964,1
3965,0
3966,0
3967,0
3968,0
3969,0
3970,1
3971,1
3972,0
3973,0
3974,0
3975,1
3976,1
3977,1
3978,1
3979,0
3980,1
3981,0
3982,1
3983,1
3984,0
3985,0
3986,0
3987,1
3988,0
3989,0
3990,0
3991,1
3992,1
3993,1
3994,1
3995,1
3996,0
3997,0
3998,0
3999,0
4000,1
4001,0
4002,1
4003,1
4004,1
4005,1
4006,0
4007,1
4008,1
4009,0
4010,1
4011,1
4012,1
4013,1
4014,1
4015,1
4016,1
4017,1
4018,1
4019,1
4020,1
4021,0
4022,1
4023,0
4024,0
4025,0
4026,0
4027,0
4028,1
4029,1
4030,1
4031,0
4032,0
4033,0
4034,1
4035,1
4036,0
4037,1
4038,1
4039,1
4040,0
4041,0
4042,0
4043,0
4044,0
4045,1
4046,1
4047,1
4048,1
4049,0
4050,0
4051,1
4052,1
4053,0
4054,0
4055,0
4056,1
4057,0
4058,1
4059,1
4060,1
4061,1
4062,0
4063,0
4064,1
4065,1
4066,1
4067,0
4068,1
4069,0
4070,1
4071,0
4072,0
4073,0
4074,1
4075,1
4076,1
4077,0
4078,1
4079,1
4080,0
4081,1
4082,0
4083,0
4084,1
4085,1
4086,0
4087,1
4088,1
4089,0
4090,0
4091,0
4092,0
4093,1
4094,1
4095,0
4096,1
4097,1
4098,1
4099,0
4100,1
4101,1
4102,0
4103,0
4104,0
4105,1
4106,1
4107,0
4108,0
4109,1
4110,0
4111,1
4112,1
4113,0
4114,1
4115,1
4116,0
4117,1
4118,1
4119,1
4120,1
4121,0
4122,0
4123,1
4124,1
4125,0
4126,0
4127,1
4128,1
4129,1
4130,0
4131,0
4132,0
4133,1
4134,1
4135,0
4136,0
4137,1
4138,0
4139,1
4140,1
4141,0
4142,0
4143,0
4144,0
4145,0
4146,1
4147,1
4148,1
4149,1
4150,1
4151,1
4152,0
4153,1
4154,1
4155,0
4156,1
4157,1
4158,1
4159,1
4160,1
4161,0
4162,1
4163,1
4164,0
4165,0
4166,0
4167,1
4168,1
4169,1
4170,0
4171,0
4172,1
4173,0
4174,0
4175,0
4176,0
4177,0
4178,0
4179,1
4180,0
4181,1
4182,1
4183,1
4184,1
4185,1
4186,0
4187,1
4188,1
4189,1
4190,0
4191,0
4192,0
4193,1
4194,0
4195,0
4196,0
4197,1
4198,0
4199,0
4200,1
4201,1
4202,1
4203,0
4204,1
4205,1
4206,0
4207,1
4208,0
4209,1
4210,0
4211,1
4212,1
4213,1
4214,1
4215,0
4216,0
4217,1
4218,0
4219,0
4220,1
4221,1
4222,1
4223,0
4224,0
4225,1
4226,1
4227,1
4228,1
4229,0
4230,0
4231,0
4232,1
4233,0
4234,0
4235,0
4236,1
4237,0
4238,0
4239,1
4240,0
4241,1
4242,0
4243,0
4244,1
4245,0
4246,0
4247,0
4248,0
4249,1
4250,1
4251,0
4252,0
4253,1
4254,1
4255,0
4256,1
4257,0
4258,0
4259,0
4260,0
4261,0
4262,1
4263,1
4264,0
4265,0
4266,1
4267,0
4268,0
4269,1
4270,1
4271,1
4272,0
4273,1
4274,0
4275,1
4276,0
4277,1
4278,1
4279,1
4280,1
4281,1
4282,0
4283,1
4284,1
4285,1
4286,1
4287,0
4288,1
4289,0
4290,0
4291,1
4292,1
4293,1
4294,0
4295,0
4296,1
4297,0
4298,1
4299,0
4300,0
4301,1
4302,0
4303,0
4304,0
4305,1
4306,1
4307,0
4308,1
4309,0
4310,1
4311,1
4312,1
4313,1
4314,0
4315,0
4316,0
4317,0
4318,1
4319,0
4320,1
4321,0
4322,0
4323,1
4324,1
4325,0
4326,1
4327,0
4328,0
4329,1
4330,0
4331,1
4332,1
4333,0
4334,0
4335,0
4336,0
4337,1
4338,0
4339,1
4340,0
4341,0
4342,0
4343,0
4344,0
4345,1
4346,1
4347,0
4348,1
4349,0
4350,0
4351,0
4352,0
4353,0
4354,0
4355,1
4356,1
4357,0
4358,0
4359,1
4360,0
4361,1
4362,0
4363,0
4364,1
4365,1
4366,1
4367,0
4368,1
4369,0
4370,0
4371,1
4372,1
4373,1
4374,1
4375,0
4376,1
4377,1
4378,0
4379,1
4380,1
4381,1
4382,1
4383,0
4384,1
4385,0
4386,1
4387,1
4388,0
4389,1
4390,0
4391,0
4392,1
4393,0
4394,1
4395,1
4396,0
4397,0
4398,1
4399,1
4400,0
4401,0
4402,1
4403,1
4404,0
4405,0
4406,0
4407,0
4408,0
4409,0
4410,0
4411,0
4412,1
4413,0
4414,1
4415,0
4416,0
4417,0
4418,1
4419,1
4420,0
4421,0
4422,0
4423,1
4424,0
4425,1
4426,0
4427,0
4428,1
4429,0
4430,0
4431,1
4432,0
4433,1
4434,0
4435,1
4436,0
4437,0
4438,1
4439,0
4440,1
4441,1
4442,1
4443,0
4444,1
4445,1
4446,1
4447,0
4448,1
4449,1
4450,1
4451,0
4452,0
4453,1
4454,1
4455,1
4456,0
4457,0
4458,1
4459,1
4460,1
4461,1
4462,1
4463,1
4464,0
4465,0
4466,0
4467,0
4468,0
4469,0
4470,1
4471,1
4472,0
4473,0
4474,1
4475,1
4476,1
4477,1
4478,0
4479,1
4480,0
4481,1
4482,1
4483,0
4484,1
4485,1
4486,1
4487,1
4488,1
4489,1
4490,1
4491,0
4492,0
4493,1
4494,0
4495,1
4496,1
4497,1
4498,0
4499,0
4500,1
4501,0
4502,0
4503,1
4504,1
4505,1
4506,1
4507,1
4508,1
4509,1
4510,1
4511,0
4512,0
4513,1
4514,1
4515,0
4516,0
4517,1
4518,0
4519,1
4520,0
4521,1
4522,1
4523,1
4524,1
4525,1
4526,0
4527,1
4528,1
4529,1
4530,1
4531,0
4532,1
4533,1
4534,1
4535,0
4536,1
4537,0
4538,1
4539,0
4540,1
4541,0
4542,1
4543,0
4544,1
4545,1
4546,0
4547,0
4548,0
4549,1
4550,1
4551,0
4552,1
4553,1
4554,0
4555,1
4556,1
4557,1
4558,0
4559,0
4560,1
4561,1
4562,0
4563,1
4564,0
4565,1
4566,0
4567,0
4568,1
4569,1
4570,0
4571,0
4572,1
4573,0
4574,0
4575,0
4576,1
4577,0
4578,0
4579,1
4580,0
4581,0
4582,1
4583,1
4584,1
4585,1
4586,0
4587,1
4588,0
4589,1
4590,0
4591,1
4592,1
4593,0
4594,0
4595,1
4596,0
4597,1
4598,0
4599,0
4600,1
4601,1
4602,0
4603,0
4604,1
4605,1
4606,0
4607,1
4608,1
4609,1
4610,1
4611,1
4612,1
4613,1
4614,1
4615,0
4616,0
4617,1
4618,0
4619,1
4620,1
4621,1
4622,0
4623,0
4624,0
4625,1
4626,0
4627,0
4628,0
4629,1
4630,0
4631,0
4632,1
4633,1
4634,1
4635,0
4636,0
4637,0
4638,1
4639,1
4640,0
4641,0
4642,0
4643,0
4644,1
4645,1
4646,0
4647,0
4648,1
4649,0
4650,0
4651,0
4652,0
4653,1
4654,0
4655,1
4656,0
4657,1
4658,1
4659,1
4660,1
4661,1
4662,1
4663,1
4664,0
4665,0
4666,0
4667,0
4668,0
4669,0
4670,1
4671,0
4672,1
4673,1
4674,0
4675,0
4676,0
4677,0
4678,1
4679,0
4680,0
4681,1
4682,1
4683,1
4684,1
4685,0
4686,1
4687,1
4688,1
4689,0
4690,1
4691,0
4692,1
4693,0
4694,1
4695,1
4696,1
4697,1
4698,0
4699,0
4700,0
4701,1
4702,0
4703,1
4704,1
4705,0
4706,1
4707,1
4708,0
4709,0
4710,0
4711,0
4712,1
4713,0
4714,0
4715,0
4716,1
4717,0
4718,0
4719,1
4720,0
4721,1
4722,1
4723,0
4724,0
4725,1
4726,0
4727,1
4728,1
4729,0
4730,0
4731,0
4732,0
4733,0
4734,0
4735,1
4736,0
4737,0
4738,0
4739,1
4740,1
4741,1
4742,1
4743,0
4744,0
4745,0
4746,0
4747,0
4748,0
4749,1
4750,0
4751,1
4752,1
4753,1
4754,1
4755,0
4756,0
4757,0
4758,1
4759,1
4760,1
4761,1
4762,1
4763,0
4764,1
4765,0
4766,1
4767,0
4768,1
4769,1
4770,1
4771,0
4772,0
4773,0
4774,0
4775,1
4776,1
4777,1
4778,0
4779,1
4780,0
4781,1
4782,0
4783,0
4784,0
4785,1
4786,0
4787,0
4788,0
4789,1
4790,0
4791,0
4792,0
4793,1
4794,0
4795,0
4796,1
4797,0
4798,1
4799,0
4800,1
4801,0
4802,0
4803,0
4804,0
4805,0
4806,1
4807,1
4808,0
4809,1
4810,1
4811,1
4812,0
4813,1
4814,0
4815,0
4816,0
4817,1
4818,0
4819,1
4820,0
4821,0
4822,0
4823,0
4824,0
4825,0
4826,0
4827,0
4828,0
4829,1
4830,1
4831,1
4832,0
4833,1
4834,0
4835,0
4836,0
4837,1
4838,0
4839,1
4840,0
4841,1
4842,0
4843,0
4844,1
4845,1
4846,0
4847,0
4848,1
4849,0
4850,0
4851,1
4852,0
4853,1
4854,0
4855,1
4856,0
4857,0
4858,0
4859,1
4860,0
4861,0
4862,0
4863,1
4864,1
4865,0
4866,0
4867,0
4868,1
4869,1
4870,0
4871,0
4872,0
4873,0
4874,0
4875,0
4876,0
4877,1
4878,1
4879,0
4880,1
4881,1
4882,1
4883,0
4884,1
4885,1
4886,1
4887,0
4888,1
4889,0
4890,0
4891,1
4892,1
4893,1
4894,0
4895,0
4896,1
4897,0
4898,1
4899,1
4900,1
4901,0
4902,0
4903,1
4904,1
4905,1
4906,1
4907,1
4908,0
4909,0
4910,1
4911,0
4912,0
4913,0
4914,1
4915,0
4916,1
4917,1
4918,0
4919,0
4920,1
4921,1
4922,1
4923,1
4924,1
4925,1
4926,0
4927,0
4928,1
4929,0
4930,1
4931,0
4932,1
4933,1
4934,1
4935,0
4936,1
4937,0
4938,0
4939,0
4940,0
4941,0
4942,0
4943,1
4944,1
4945,1
4946,0
4947,1
4948,1
4949,1
4950,0
4951,1
4952,0
4953,0
4954,0
4955,0
4956,1
4957,1
4958,1
4959,0
4960,0
4961,1
4962,0
4963,0
4964,1
4965,0
4966,0
4967,1
4968,1
4969,0
4970,1
4971,0
4972,1
4973,0
4974,0
4975,1
4976,0
4977,1
4978,1
4979,0
4980,0
4981,1
4982,0
4983,1
4984,0
4985,0
4986,0
4987,1
4988,0
4989,0
4990,1
4991,1
4992,0
4993,0
4994,1
4995,1
4996,0
4997,1
4998,0
4999,0
5000,0
5001,1
5002,1
5003,0
5004,0
5005,1
5006,1
5007,1
5008,1
5009,1
5010,1
5011,0
5012,1
5013,1
5014,1
5015,0
5016,0
5017,0
5018,1
5019,0
5020,1
5021,0
5022,0
5023,1
5024,0
5025,1
5026,1
5027,1
5028,1
5029,1
5030,0
5031,0
5032,1
5033,0
5034,1
5035,0
5036,0
5037,1
5038,1
5039,1
5040,0
5041,1
5042,1
5043,1
5044,1
5045,0
5046,0
5047,1
5048,0
5049,0
5050,1
5051,1
5052,0
5053,1
5054,1
5055,1
5056,0
5057,1
5058,1
5059,1
5060,0
5061,0
5062,0
5063,0
5064,0
5065,1
5066,0
5067,0
5068,0
5069,0
5070,0
5071,0
5072,0
5073,0
5074,1
5075,1
5076,1
5077,0
5078,0
5079,1
5080,0
5081,0
5082,1
5083,1
5084,1
5085,1
5086,0
5087,1
5088,1
5089,0
5090,0
5091,1
5092,0
5093,1
5094,0
5095,1
5096,0
5097,1
5098,0
5099,1
5100,0
5101,0
5102,1
5103,1
5104,1
5105,1
5106,1
5107,0
5108,1
5109,1
5110,1
5111,0
5112,1
5113,0
5114,0
5115,1
5116,0
5117,0
5118,0
5119,1
5120,0
5121,0
5122,1
5123,0
5124,1
5125,1
5126,1
5127,0
5128,0
5129,1
5130,0
5131,1
5132,1
5133,1
5134,1
5135,0
5136,1
5137,1
5138,1
5139,1
5140,1
5141,0
5142,1
5143,0
5144,1
5145,0
5146,0
5147,0
5148,0
5149,1
5150,0
5151,1
5152,1
5153,1
5154,1
5155,0
5156,0
5157,0
5158,0
5159,0
5160,1
5161,1
5162,0
5163,0
5164,0
5165,0
5166,0
5167,1
5168,1
5169,1
5170,1
5171,0
5172,0
5173,0
5174,1
5175,0
5176,0
5177,0
5178,1
5179,1
5180,0
5181,1
5182,1
5183,1
5184,1
5185,1
5186,1
5187,0
5188,0
5189,0
5190,1
5191,0
5192,1
5193,1
5194,0
5195,1
5196,1
5197,1
5198,0
5199,1
5200,0
5201,1
5202,1
5203,0
5204,1
5205,1
5206,1
5207,1
5208,1
5209,1
5210,1
5211,1
5212,0
5213,1
5214,1
5215,0
5216,0
5217,0
5218,0
5219,1
5220,0
5221,1
5222,0
5223,1
5224,0
5225,0
5226,0
5227,1
5228,0
5229,1
5230,1
5231,0
5232,0
5233,0
5234,0
5235,0
5236,0
5237,0
5238,0
5239,0
5240,1
5241,0
5242,0
5243,0
5244,0
5245,1
5246,1
5247,1
5248,1
5249,1
5250,1
5251,0
5252,1
5253,1
5254,1
5255,1
5256,0
5257,1
5258,0
5259,1
5260,1
5261,1
5262,1
5263,1
5264,0
5265,1
5266,0
5267,1
5268,0
5269,1
5270,1
5271,0
5272,1
5273,0
5274,0
5275,1
5276,0
5277,0
5278,0
5279,0
5280,1
5281,0
5282,1
5283,1
5284,1
5285,1
5286,1
5287,1
5288,0
5289,0
5290,1
5291,0
5292,0
5293,0
5294,1
5295,1
5296,1
5297,1
5298,1
5299,0
5300,1
5301,0
5302,0
5303,1
5304,0
5305,0
5306,0
5307,0
5308,0
5309,1
5310,0
5311,1
5312,1
5313,1
5314,0
5315,0
5316,1
5317,0
5318,0
5319,1
5320,0
5321,1
5322,0
5323,1
5324,0
5325,1
5326,0
5327,0
5328,0
5329,1
5330,1
5331,0
5332,0
5333,0
5334,1
5335,1
5336,0
5337,0
5338,1
5339,0
5340,1
5341,1
5342,1
5343,0
5344,0
5345,1
5346,0
5347,0
5348,0
5349,0
5350,0
5351,0
5352,1
5353,1
5354,1
5355,1
5356,1
5357,0
5358,0
5359,1
5360,1
5361,0
5362,1
5363,1
5364,1
5365,1
5366,0
5367,0
5368,1
5369,0
5370,0
5371,0
5372,1
5373,1
5374,1
5375,0
5376,0
5377,0
5378,0
5379,1
5380,0
5381,0
5382,0
5383,0
5384,1
5385,0
5386,1
5387,1
5388,0
5389,1
5390,0
5391,0
5392,1
5393,0
5394,0
5395,0
5396,0
5397,1
5398,1
5399,0
5400,0
5401,1
5402,0
5403,0
5404,0
5405,1
5406,0
5407,0
5408,1
5409,0
5410,0
5411,0
5412,1
5413,0
5414,0
5415,1
5416,1
5417,1
5418,0
5419,0
5420,0
5421,0
5422,0
5423,1
5424,1
5425,0
5426,0
5427,0
5428,0
5429,1
5430,1
5431,0
5432,0
5433,0
5434,0
5435,1
5436,0
5437,0
5438,0
5439,1
5440,0
5441,0
5442,0
5443,0
5444,0
5445,1
5446,0
5447,0
5448,0
5449,0
5450,0
5451,0
5452,1
5453,1
5454,0
5455,0
5456,1
5457,0
5458,0
5459,0
5460,1
5461,1
5462,1
5463,0
5464,0
5465,0
5466,1
5467,0
5468,0
5469,0
5470,0
5471,0
5472,1
5473,0
5474,1
5475,0
5476,1
5477,1
5478,0
5479,0
5480,1
5481,0
5482,1
5483,1
5484,0
5485,0
5486,1
5487,0
5488,0
5489,0
5490,0
5491,0
5492,0
5493,0
5494,0
5495,0
5496,0
5497,0
5498,1
5499,1
5500,1
5501,0
5502,1
5503,0
5504,0
5505,0
5506,1
5507,0
5508,0
5509,0
5510,0
5511,0
5512,0
5513,0
5514,0
5515,0
5516,0
5517,1
5518,1
5519,0
5520,0
5521,0
5522,0
5523,1
5524,0
5525,1
5526,0
5527,0
5528,0
5529,1
5530,1
5531,0
5532,0
5533,1
5534,0
5535,1
5536,0
5537,1
5538,1
5539,0
5540,1
5541,1
5542,1
5543,0
5544,1
5545,1
5546,1
5547,1
5548,0
5549,1
5550,0
5551,0
5552,1
5553,1
5554,0
5555,0
5556,1
5557,1
5558,0
5559,0
5560,0
5561,0
5562,0
5563,1
5564,1
5565,0
5566,1
5567,0
5568,0
5569,1
5570,0
5571,0
5572,0
5573,0
5574,0
5575,0
5576,1
5577,0
5578,1
5579,1
5580,0
5581,0
5582,1
5583,1
5584,0
5585,0
5586,0
5587,0
5588,0
5589,1
5590,0
5591,0
5592,0
5593,0
5594,0
5595,1
5596,1
5597,0
5598,1
5599,1
5600,0
5601,0
5602,0
5603,1
5604,0
5605,1
5606,1
5607,0
5608,0
5609,1
5610,0
5611,1
5612,1
5613,0
5614,0
5615,1
5616,1
5617,0
5618,0
5619,0
5620,0
5621,1
5622,1
5623,1
5624,1
5625,0
5626,1
5627,1
5628,0
5629,0
5630,0
5631,0
5632,1
5633,0
5634,1
5635,0
5636,1
5637,1
5638,1
5639,1
5640,0
5641,0
5642,0
5643,1
5644,0
5645,1
5646,1
5647,1
5648,1
5649,0
5650,0
5651,0
5652,1
5653,0
5654,1
5655,0
5656,0
5657,1
5658,0
5659,1
5660,0
5661,1
5662,0
5663,1
5664,1
5665,0
5666,1
5667,0
5668,1
5669,0
5670,0
5671,1
5672,0
5673,1
5674,1
5675,0
5676,0
5677,0
5678,1
5679,1
5680,0
5681,1
5682,1
5683,1
5684,0
5685,1
5686,1
5687,1
5688,0
5689,0
5690,0
5691,0
5692,0
5693,0
5694,0
5695,0
5696,1
5697,0
5698,0
5699,1
5700,0
5701,0
5702,1
5703,0
5704,1
5705,0
5706,0
5707,1
5708,0
5709,1
5710,1
5711,1
5712,1
5713,1
5714,1
5715,0
5716,1
5717,0
5718,0
5719,1
5720,1
5721,1
5722,1
5723,1
5724,1
5725,1
5726,1
5727,1
5728,1
5729,1
5730,0
5731,1
5732,0
5733,0
5734,1
5735,0
5736,1
5737,0
5738,0
5739,0
5740,0
5741,1
5742,0
5743,1
5744,1
5745,1
5746,1
5747,0
5748,0
5749,0
5750,1
5751,0
5752,0
5753,1
5754,1
5755,0
5756,0
5757,1
5758,1
5759,0
5760,0
5761,1
5762,1
5763,1
5764,1
5765,0
5766,0
5767,1
5768,0
5769,1
5770,1
5771,0
5772,0
5773,1
5774,1
5775,1
5776,0
5777,0
5778,0
5779,0
5780,0
5781,1
5782,0
5783,0
5784,0
5785,1
5786,1
5787,0
5788,1
5789,0
5790,1
5791,1
5792,1
5793,1
5794,0
5795,0
5796,0
5797,1
5798,0
5799,0
5800,1
5801,0
5802,1
5803,1
5804,0
5805,0
5806,1
5807,0
5808,0
5809,0
5810,1
5811,1
5812,1
5813,0
5814,1
5815,0
5816,1
5817,1
5818,1
5819,0
5820,0
5821,0
5822,0
5823,1
5824,0
5825,0
5826,0
5827,0
5828,0
5829,0
5830,1
5831,0
5832,1
5833,0
5834,0
5835,1
5836,0
5837,1
5838,1
5839,0
5840,1
5841,1
5842,1
5843,0
5844,1
5845,0
5846,1
5847,1
5848,0
5849,0
5850,1
5851,1
5852,0
5853,1
5854,1
5855,1
5856,1
5857,1
5858,0
5859,1
5860,0
5861,1
5862,0
5863,1
5864,0
5865,1
5866,1
5867,1
5868,1
5869,0
5870,1
5871,1
5872,1
5873,0
5874,0
5875,1
5876,1
5877,1
5878,0
5879,1
5880,0
5881,0
5882,0
5883,0
5884,0
5885,1
5886,0
5887,1
5888,1
5889,1
5890,0
5891,1
5892,0
5893,0
5894,1
5895,1
5896,1
5897,0
5898,0
5899,1
5900,1
5901,0
5902,1
5903,1
5904,0
5905,0
5906,1
5907,1
5908,0
5909,1
5910,1
5911,0
5912,1
5913,1
5914,1
5915,0
5916,0
5917,0
5918,1
5919,0
5920,1
5921,1
5922,0
5923,0
5924,0
5925,0
5926,1
5927,1
5928,0
5929,0
5930,0
5931,0
5932,1
5933,1
5934,1
5935,0
5936,0
5937,1
5938,0
5939,1
5940,1
5941,1
5942,1
5943,0
5944,0
5945,1
5946,0
5947,1
5948,0
5949,1
5950,1
5951,0
5952,0
5953,1
5954,1
5955,0
5956,1
5957,0
5958,0
5959,1
5960,1
5961,1
5962,1
5963,1
5964,1
5965,0
5966,0
5967,1
5968,0
5969,0
5970,0
5971,0
5972,0
5973,0
5974,1
5975,0
5976,1
5977,1
5978,1
5979,0
5980,1
5981,1
5982,1
5983,0
5984,0
5985,0
5986,1
5987,1
5988,0
5989,0
5990,0
5991,1
5992,0
5993,0
5994,1
5995,0
5996,1
5997,0
5998,1
5999,0
6000,0
6001,1
6002,1
6003,1
6004,0
6005,1
6006,1
6007,0
6008,1
6009,1
6010,0
6011,1
6012,0
6013,1
6014,1
6015,1
6016,0
6017,0
6018,1
6019,0
6020,0
6021,1
6022,0
6023,1
6024,1
6025,0
6026,0
6027,0
6028,0
6029,1
6030,0
6031,1
6032,1
6033,1
6034,1
6035,1
6036,1
6037,1
6038,0
6039,1
6040,0
6041,0
6042,0
6043,1
6044,1
6045,0
6046,0
6047,0
6048,1
6049,0
6050,1
6051,0
6052,1
6053,1
6054,1
6055,0
6056,1
6057,1
6058,1
6059,1
6060,1
6061,0
6062,1
6063,1
6064,0
6065,0
6066,0
6067,0
6068,1
6069,0
6070,0
6071,1
6072,0
6073,0
6074,1
6075,0
6076,1
6077,1
6078,0
6079,0
6080,0
6081,1
6082,0
6083,1
6084,0
6085,0
6086,0
6087,0
6088,0
6089,0
6090,0
6091,0
6092,1
6093,0
6094,0
6095,1
6096,1
6097,1
6098,1
6099,1
6100,1
6101,1
6102,1
6103,0
6104,0
6105,0
6106,0
6107,0
6108,0
6109,0
6110,1
6111,0
6112,1
6113,1
6114,1
6115,1
6116,0
6117,0
6118,0
6119,1
6120,0
6121,0
6122,1
6123,0
6124,1
6125,0
6126,0
6127,1
6128,0
6129,1
6130,0
6131,1
6132,1
6133,1
6134,0
6135,1
6136,1
6137,0
6138,1
6139,0
6140,0
6141,0
6142,0
6143,1
6144,1
6145,1
6146,1
6147,1
6148,0
6149,1
6150,1
6151,0
6152,1
6153,1
6154,0
6155,0
6156,1
6157,0
6158,1
6159,1
6160,0
6161,1
6162,0
6163,0
6164,1
6165,1
6166,1
6167,1
6168,1
6169,0
6170,1
6171,1
6172,1
6173,0
6174,1
6175,0
6176,0
6177,0
6178,1
6179,1
6180,0
6181,1
6182,1
6183,0
6184,1
6185,1
6186,0
6187,0
6188,0
6189,1
6190,1
6191,1
6192,0
6193,0
6194,1
6195,1
6196,1
6197,1
6198,1
6199,0
6200,0
6201,0
6202,1
6203,0
6204,1
6205,1
6206,0
6207,0
6208,0
6209,0
6210,1
6211,1
6212,1
6213,1
6214,0
6215,0
6216,1
6217,0
6218,0
6219,0
6220,1
6221,0
6222,0
6223,0
6224,0
6225,0
6226,0
6227,1
6228,1
6229,0
6230,0
6231,0
6232,0
6233,1
6234,1
6235,1
6236,0
6237,0
6238,1
6239,0
6240,1
6241,0
6242,0
6243,1
6244,0
6245,0
6246,0
6247,1
6248,0
6249,0
6250,1
6251,1
6252,1
6253,0
6254,0
6255,0
6256,1
6257,0
6258,1
6259,1
6260,0
6261,1
6262,1
6263,1
6264,0
6265,0
6266,0
6267,1
6268,1
6269,1
6270,1
6271,1
6272,1
6273,0
6274,1
6275,1
6276,1
6277,0
6278,1
6279,0
6280,0
6281,0
6282,1
6283,0
6284,0
6285,0
6286,1
6287,0
6288,0
6289,0
6290,0
6291,1
6292,0
6293,0
6294,0
6295,0
6296,1
6297,1
6298,1
6299,1
6300,1
6301,0
6302,0
6303,1
6304,1
6305,0
6306,0
6307,0
6308,1
6309,0
6310,1
6311,1
6312,1
6313,0
6314,1
6315,0
6316,1
6317,0
6318,0
6319,0
6320,1
6321,0
6322,1
6323,0
6324,1
6325,1
6326,1
6327,0
6328,1
6329,1
6330,1
6331,0
6332,0
6333,1
6334,1
6335,1
6336,1
6337,1
6338,1
6339,1
6340,0
6341,0
6342,1
6343,1
6344,1
6345,1
6346,1
6347,0
6348,0
6349,0
6350,1
6351,0
6352,1
6353,1
6354,0
6355,0
6356,0
6357,1
6358,1
6359,1
6360,1
6361,0
6362,1
6363,0
6364,1
6365,0
6366,1
6367,0
6368,0
6369,1
6370,1
6371,1
6372,1
6373,1
6374,1
6375,0
6376,1
6377,0
6378,1
6379,0
6380,1
6381,1
6382,1
6383,1
6384,0
6385,0
6386,1
6387,0
6388,0
6389,0
6390,1
6391,0
6392,1
6393,0
6394,0
6395,0
6396,1
6397,0
6398,0
6399,0
6400,0
6401,1
6402,0
6403,1
6404,0
6405,1
6406,0
6407,1
6408,1
6409,0
6410,1
6411,1
6412,1
6413,1
6414,1
6415,0
6416,1
6417,1
6418,1
6419,1
6420,0
6421,0
6422,0
6423,1
6424,1
6425,1
6426,0
6427,1
6428,0
6429,0
6430,1
6431,1
6432,0
6433,0
6434,1
6435,0
6436,0
6437,1
6438,0
6439,0
6440,1
6441,1
6442,1
6443,0
6444,0
6445,0
6446,0
6447,0
6448,0
6449,0
6450,0
6451,1
6452,1
6453,0
6454,1
6455,0
6456,1
6457,0
6458,1
6459,1
6460,0
6461,1
6462,0
6463,1
6464,0
6465,1
6466,0
6467,0
6468,0
6469,0
6470,1
6471,1
6472,1
6473,0
6474,1
6475,0
6476,0
6477,1
6478,0
6479,1
6480,0
6481,0
6482,0
6483,1
6484,1
6485,0
6486,1
6487,1
6488,1
6489,1
6490,1
6491,0
6492,0
6493,0
6494,1
6495,1
6496,1
6497,0
6498,1
6499,0
6500,0
6501,1
6502,0
6503,0
6504,1
6505,1
6506,0
6507,0
6508,1
6509,1
6510,0
6511,0
6512,0
6513,1
6514,0
6515,1
6516,0
6517,0
6518,1
6519,1
6520,1
6521,1
6522,1
6523,0
6524,0
6525,0
6526,0
6527,0
6528,1
6529,0
6530,0
6531,1
6532,0
6533,1
6534,1
6535,1
6536,0
6537,1
6538,1
6539,0
6540,0
6541,1
6542,0
6543,1
6544,0
6545,0
6546,0
6547,1
6548,1
6549,0
6550,1
6551,0
6552,1
6553,1
6554,0
6555,1
6556,0
6557,1
6558,1
6559,1
6560,0
6561,1
6562,1
6563,1
6564,0
6565,1
6566,0
6567,0
6568,1
6569,0
6570,1
6571,1
6572,0
6573,0
6574,0
6575,1
6576,1
6577,0
6578,1
6579,1
6580,0
6581,1
6582,0
6583,0
6584,1
6585,0
6586,0
6587,1
6588,0
6589,0
6590,0
6591,0
6592,0
6593,0
6594,1
6595,1
6596,0
6597,1
6598,1
6599,0
6600,0
6601,1
6602,0
6603,1
6604,1
6605,1
6606,0
6607,0
6608,0
6609,1
6610,0
6611,0
6612,1
6613,1
6614,1
6615,0
6616,1
6617,1
6618,1
6619,0
6620,0
6621,0
6622,0
6623,1
6624,1
6625,0
6626,1
6627,0
6628,0
6629,0
6630,0
6631,0
6632,0
6633,1
6634,1
6635,0
6636,0
6637,0
6638,1
6639,1
6640,0
6641,0
6642,1
6643,0
6644,1
6645,1
6646,1
6647,1
6648,0
6649,0
6650,1
6651,0
6652,0
6653,0
6654,0
6655,1
6656,1
6657,1
6658,1
6659,0
6660,1
6661,0
6662,0
6663,0
6664,0
6665,0
6666,1
6667,1
6668,0
6669,1
6670,0
6671,0
6672,0
6673,1
6674,0
6675,0
6676,0
6677,1
6678,1
6679,0
6680,1
6681,1
6682,1
6683,1
6684,1
6685,0
6686,1
6687,1
6688,0
6689,1
6690,1
6691,1
6692,1
6693,1
6694,1
6695,1
6696,1
6697,1
6698,1
6699,0
6700,0
6701,0
6702,1
6703,0
6704,0
6705,1
6706,1
6707,0
6708,0
6709,1
6710,0
6711,1
6712,0
6713,1
6714,1
6715,0
6716,0
6717,1
6718,0
6719,1
6720,0
6721,0
6722,0
6723,1
6724,1
6725,0
6726,1
6727,1
6728,0
6729,0
6730,1
6731,0
6732,0
6733,0
6734,0
6735,0
6736,1
6737,0
6738,0
6739,1
6740,1
6741,0
6742,0
6743,1
6744,1
6745,0
6746,1
6747,1
6748,1
6749,1
6750,1
6751,0
6752,1
6753,0
6754,0
6755,1
6756,1
6757,0
6758,1
6759,0
6760,1
6761,0
6762,1
6763,0
6764,1
6765,1
6766,0
6767,0
6768,1
6769,1
6770,1
6771,0
6772,0
6773,0
6774,0
6775,0
6776,1
6777,1
6778,1
6779,1
6780,1
6781,1
6782,1
6783,1
6784,1
6785,1
6786,0
6787,1
6788,1
6789,1
6790,0
6791,0
6792,0
6793,1
6794,0
6795,1
6796,1
6797,0
6798,1
6799,0
6800,0
6801,1
6802,0
6803,0
6804,0
6805,1
6806,0
6807,1
6808,1
6809,0
6810,1
6811,0
6812,1
6813,0
6814,0
6815,0
6816,0
6817,1
6818,0
6819,0
6820,0
6821,1
6822,0
6823,0
6824,0
6825,0
6826,1
6827,0
6828,0
6829,1
6830,1
6831,0
6832,0
6833,0
6834,0
6835,0
6836,1
6837,1
6838,1
6839,0
6840,0
6841,1
6842,0
6843,0
6844,0
6845,1
6846,0
6847,0
6848,1
6849,0
6850,0
6851,1
6852,0
6853,0
6854,0
6855,1
6856,0
6857,0
6858,0
6859,0
6860,1
6861,1
6862,0
6863,1
6864,1
6865,1
6866,0
6867,1
6868,0
6869,0
6870,0
6871,1
6872,0
6873,1
6874,1
6875,0
6876,0
6877,1
6878,1
6879,0
6880,1
6881,1
6882,1
6883,0
6884,1
6885,0
6886,0
6887,0
6888,1
6889,1
6890,1
6891,1
6892,0
6893,1
6894,1
6895,0
6896,1
6897,1
6898,1
6899,0
6900,1
6901,0
6902,0
6903,1
6904,1
6905,1
6906,0
6907,0
6908,0
6909,0
6910,1
6911,0
6912,0
6913,1
6914,0
6915,1
6916,0
6917,1
6918,0
6919,1
6920,0
6921,1
6922,1
6923,0
6924,1
6925,1
6926,0
6927,1
6928,0
6929,0
6930,1
6931,1
6932,0
6933,1
6934,0
6935,1
6936,0
6937,1
6938,0
6939,1
6940,1
6941,0
6942,1
6943,1
6944,0
6945,1
6946,1
6947,0
6948,0
6949,0
6950,0
6951,1
6952,0
6953,0
6954,1
6955,0
6956,0
6957,1
6958,0
6959,1
6960,1
6961,1
6962,0
6963,0
6964,1
6965,1
6966,1
6967,1
6968,1
6969,1
6970,1
6971,1
6972,0
6973,1
6974,0
6975,1
6976,1
6977,1
6978,0
6979,1
6980,0
6981,1
6982,0
6983,1
6984,0
6985,0
6986,0
6987,0
6988,1
6989,1
6990,1
6991,1
6992,0
6993,1
6994,0
6995,1
6996,1
6997,0
6998,1
6999,0
7000,0
7001,0
7002,0
7003,1
7004,1
7005,1
7006,0
7007,1
7008,0
7009,1
7010,0
7011,1
7012,1
7013,0
7014,1
7015,1
7016,1
7017,0
7018,0
7019,1
7020,1
7021,1
7022,1
7023,1
7024,1
7025,1
7026,0
7027,1
7028,1
7029,1
7030,1
7031,0
7032,1
7033,1
7034,0
7035,0
7036,0
7037,0
7038,1
7039,1
7040,1
7041,1
7042,1
7043,0
7044,1
7045,1
7046,1
7047,0
7048,1
7049,1
7050,1
7051,0
7052,0
7053,0
7054,0
7055,0
7056,1
7057,1
7058,1
7059,0
7060,1
7061,1
7062,1
7063,1
7064,1
7065,0
7066,0
7067,1
7068,0
7069,0
7070,1
7071,1
7072,0
7073,0
7074,0
7075,1
7076,0
7077,0
7078,0
7079,0
7080,0
7081,0
7082,0
7083,0
7084,1
7085,0
7086,1
7087,1
7088,0
7089,1
7090,1
7091,1
7092,1
7093,0
7094,1
7095,1
7096,0
7097,0
7098,0
7099,1
7100,1
7101,1
7102,0
7103,1
7104,0
7105,1
7106,1
7107,0
7108,1
7109,1
7110,0
7111,0
7112,0
7113,1
7114,0
7115,1
7116,0
7117,0
7118,1
7119,0
7120,0
7121,0
7122,1
7123,0
7124,1
7125,1
7126,1
7127,0
7128,1
7129,0
7130,0
7131,0
7132,1
7133,0
7134,0
7135,0
7136,0
7137,1
7138,0
7139,0
7140,1
7141,0
7142,0
7143,0
7144,0
7145,1
7146,1
7147,1
7148,0
7149,0
7150,1
7151,1
7152,1
7153,0
7154,1
7155,1
7156,1
7157,1
7158,0
7159,1
7160,1
7161,0
7162,1
7163,1
7164,1
7165,1
7166,0
7167,1
7168,0
7169,0
7170,1
7171,1
7172,1
7173,1
7174,1
7175,1
7176,1
7177,1
7178,1
7179,0
7180,0
7181,0
7182,1
7183,0
7184,1
7185,1
7186,1
7187,1
7188,0
7189,0
7190,0
7191,1
7192,1
7193,1
7194,1
7195,0
7196,1
7197,1
7198,0
7199,1
7200,0
7201,1
7202,1
7203,1
7204,1
7205,1
7206,0
7207,1
7208,1
7209,0
7210,1
7211,1
7212,1
7213,0
7214,0
7215,1
7216,1
7217,1
7218,0
7219,0
7220,0
7221,1
7222,1
7223,0
7224,1
7225,1
7226,0
7227,1
7228,0
7229,1
7230,0
7231,0
7232,1
7233,1
7234,0
7235,1
7236,1
7237,0
7238,0
7239,1
7240,1
7241,1
7242,1
7243,1
7244,1
7245,0
7246,0
7247,0
7248,0
7249,1
7250,1
7251,0
7252,0
7253,1
7254,1
7255,0
7256,0
7257,0
7258,1
7259,0
7260,0
7261,0
7262,1
7263,1
7264,0
7265,0
7266,1
7267,0
7268,1
7269,1
7270,1
7271,0
7272,1
7273,1
7274,0
7275,1
7276,1
7277,1
7278,1
7279,0
7280,0
7281,1
7282,1
7283,0
7284,1
7285,0
7286,1
7287,1
7288,1
7289,1
7290,1
7291,0
7292,1
7293,0
7294,0
7295,1
7296,1
7297,1
7298,0
7299,1
7300,0
7301,1
7302,1
7303,1
7304,1
7305,0
7306,0
7307,1
7308,1
7309,0
7310,1
7311,1
7312,1
7313,1
7314,0
7315,0
7316,0
7317,1
7318,1
7319,0
7320,1
7321,0
7322,1
7323,0
7324,1
7325,1
7326,0
7327,0
7328,0
7329,1
7330,1
7331,1
7332,0
7333,1
7334,0
7335,1
7336,0
7337,1
7338,0
7339,1
7340,1
7341,0
7342,1
7343,0
7344,0
7345,1
7346,0
7347,0
7348,0
7349,1
7350,0
7351,1
7352,0
7353,0
7354,1
7355,1
7356,1
7357,1
7358,0
7359,0
7360,1
7361,0
7362,1
7363,1
7364,0
7365,0
7366,1
7367,0
7368,0
7369,1
7370,0
7371,0
7372,0
7373,1
7374,0
7375,0
7376,1
7377,1
7378,0
7379,0
7380,1
7381,1
7382,1
7383,1
7384,1
7385,1
7386,1
7387,1
7388,1
7389,1
7390,0
7391,1
7392,0
7393,0
7394,1
7395,0
7396,1
7397,1
7398,0
7399,0
7400,0
7401,1
7402,1
7403,0
7404,0
7405,1
7406,0
7407,0
7408,1
7409,1
7410,0
7411,1
7412,0
7413,0
7414,1
7415,0
7416,1
7417,0
7418,1
7419,1
7420,0
7421,0
7422,0
7423,0
7424,1
7425,1
7426,1
7427,0
7428,1
7429,1
7430,0
7431,0
7432,1
7433,1
7434,0
7435,0
7436,0
7437,1
7438,1
7439,0
7440,1
7441,1
7442,1
7443,0
7444,1
7445,0
7446,0
7447,1
7448,0
7449,0
7450,0
7451,0
7452,1
7453,0
7454,0
7455,0
7456,1
7457,0
7458,0
7459,1
7460,1
7461,0
7462,0
7463,0
7464,1
7465,0
7466,1
7467,0
7468,0
7469,0
7470,0
7471,1
7472,1
7473,0
7474,1
7475,0
7476,1
7477,1
7478,1
7479,0
7480,1
7481,1
7482,1
7483,1
7484,0
7485,1
7486,1
7487,0
7488,1
7489,0
7490,0
7491,1
7492,0
7493,0
7494,0
7495,1
7496,0
7497,1
7498,1
7499,0
7500,0
7501,1
7502,0
7503,0
7504,0
7505,0
7506,1
7507,1
7508,1
7509,0
7510,0
7511,1
7512,1
7513,1
7514,0
7515,1
7516,0
7517,0
7518,0
7519,0
7520,0
7521,0
7522,1
7523,0
7524,0
7525,1
7526,0
7527,1
7528,0
7529,0
7530,0
7531,0
7532,1
7533,1
7534,0
7535,1
7536,0
7537,0
7538,0
7539,1
7540,1
7541,0
7542,0
7543,0
7544,0
7545,0
7546,0
7547,0
7548,0
7549,1
7550,0
7551,0
7552,0
7553,0
7554,0
7555,0
7556,1
7557,1
7558,0
7559,0
7560,0
7561,1
7562,0
7563,0
7564,0
7565,1
7566,1
7567,0
7568,1
7569,0
7570,1
7571,1
7572,0
7573,1
7574,0
7575,1
7576,1
7577,0
7578,0
7579,0
7580,0
7581,1
7582,0
7583,1
7584,0
7585,0
7586,1
7587,0
7588,1
7589,0
7590,0
7591,0
7592,1
7593,1
7594,0
7595,0
7596,0
7597,1
7598,1
7599,0
7600,0
7601,0
7602,1
7603,0
7604,1
7605,1
7606,0
7607,1
7608,0
7609,0
7610,1
7611,1
7612,0
7613,0
7614,1
7615,0
7616,0
7617,1
7618,1
7619,1
7620,1
7621,1
7622,0
7623,0
7624,1
7625,0
7626,1
7627,0
7628,0
7629,1
7630,1
7631,0
7632,1
7633,1
7634,1
7635,1
7636,1
7637,0
7638,1
7639,1
7640,1
7641,0
7642,0
7643,0
7644,0
7645,0
7646,1
7647,0
7648,0
7649,1
7650,1
7651,1
7652,0
7653,0
7654,0
7655,1
7656,1
7657,1
7658,0
7659,0
7660,0
7661,1
7662,0
7663,0
7664,0
7665,0
7666,0
7667,0
7668,0
7669,0
7670,1
7671,0
7672,1
7673,1
7674,0
7675,1
7676,1
7677,1
7678,0
7679,1
7680,0
7681,0
7682,1
7683,0
7684,0
7685,1
7686,1
7687,1
7688,1
7689,1
7690,1
7691,0
7692,1
7693,1
7694,0
7695,0
7696,0
7697,1
7698,1
7699,1
7700,0
7701,0
7702,1
7703,1
7704,0
7705,0
7706,1
7707,0
7708,1
7709,1
7710,1
7711,0
7712,1
7713,0
7714,1
7715,0
7716,0
7717,0
7718,1
7719,0
7720,1
7721,1
7722,0
7723,0
7724,1
7725,0
7726,1
7727,1
7728,0
7729,1
7730,1
7731,1
7732,0
7733,1
7734,0
7735,0
7736,0
7737,0
7738,0
7739,1
7740,1
7741,1
7742,1
7743,1
7744,1
7745,0
7746,1
7747,0
7748,0
7749,1
7750,1
7751,0
7752,0
7753,1
7754,1
7755,1
7756,0
7757,1
7758,0
7759,1
7760,0
7761,1
7762,1
7763,1
7764,0
7765,0
7766,0
7767,1
7768,1
7769,0
7770,1
7771,1
7772,1
7773,1
7774,0
7775,0
7776,0
7777,1
7778,1
7779,1
7780,1
7781,1
7782,0
7783,0
7784,1
7785,0
7786,1
7787,0
7788,0
7789,0
7790,0
7791,1
7792,1
7793,1
7794,1
7795,1
7796,0
7797,0
7798,0
7799,0
7800,0
7801,1
7802,1
7803,0
7804,0
7805,1
7806,1
7807,0
7808,1
7809,1
7810,1
7811,1
7812,0
7813,0
7814,0
7815,0
7816,0
7817,0
7818,0
7819,1
7820,0
7821,1
7822,0
7823,0
7824,1
7825,1
7826,0
7827,0
7828,0
7829,1
7830,0
7831,1
7832,1
7833,1
7834,0
7835,0
7836,0
7837,0
7838,0
7839,0
7840,0
7841,1
7842,0
7843,0
7844,1
7845,0
7846,1
7847,1
7848,0
7849,0
7850,1
7851,1
7852,1
7853,0
7854,1
7855,1
7856,0
7857,1
7858,1
7859,1
7860,1
7861,0
7862,1
7863,1
7864,0
7865,1
7866,1
7867,1
7868,1
7869,0
7870,1
7871,1
7872,1
7873,0
7874,0
7875,0
7876,1
7877,1
7878,1
7879,1
7880,0
7881,0
7882,1
7883,1
7884,1
7885,0
7886,1
7887,0
7888,1
7889,1
7890,1
7891,0
7892,0
7893,0
7894,0
7895,1
7896,0
7897,1
7898,0
7899,1
7900,0
7901,0
7902,0
7903,0
7904,1
7905,1
7906,0
7907,0
7908,0
7909,0
7910,1
7911,0
7912,0
7913,0
7914,0
7915,1
7916,0
7917,1
7918,0
7919,1
7920,0
7921,0
7922,0
7923,0
7924,1
7925,0
7926,1
7927,0
7928,0
7929,0
7930,1
7931,1
7932,0
7933,0
7934,0
7935,0
7936,1
7937,0
7938,0
7939,0
7940,1
7941,0
7942,1
7943,1
7944,1
7945,0
7946,0
7947,0
7948,1
7949,0
7950,1
7951,1
7952,1
7953,1
7954,1
7955,1
7956,0
7957,0
7958,1
7959,0
7960,1
7961,1
7962,1
7963,0
7964,0
7965,1
7966,0
7967,0
7968,1
7969,0
7970,1
7971,1
7972,1
7973,1
7974,1
7975,0
7976,1
7977,0
7978,1
7979,1
7980,1
7981,0
7982,0
7983,1
7984,1
7985,0
7986,0
7987,1
7988,0
7989,0
7990,0
7991,1
7992,1
7993,0
7994,1
7995,1
7996,1
7997,1
7998,0
7999,0
8000,1
8001,1
8002,1
8003,0
8004,1
8005,0
8006,1
8007,1
8008,0
8009,1
8010,0
8011,0
8012,1
8013,1
8014,0
8015,1
8016,1
8017,1
8018,0
8019,0
8020,1
8021,0
8022,1
8023,0
8024,0
8025,1
8026,1
8027,0
8028,0
8029,1
8030,1
8031,0
8032,0
8033,0
8034,1
8035,1
8036,1
8037,0
8038,1
8039,1
8040,1
8041,1
8042,1
8043,0
8044,1
8045,0
8046,1
8047,1
8048,1
8049,0
8050,0
8051,0
8052,1
8053,1
8054,0
8055,0
8056,0
8057,0
8058,0
8059,1
8060,0
8061,0
8062,1
8063,1
8064,0
8065,0
8066,1
8067,0
8068,0
8069,1
8070,0
8071,1
8072,0
8073,1
8074,0
8075,0
8076,0
8077,0
8078,0
8079,1
8080,0
8081,1
8082,0
8083,0
8084,0
8085,1
8086,0
8087,1
8088,0
8089,1
8090,1
8091,0
8092,0
8093,1
8094,1
8095,0
8096,0
8097,1
8098,0
8099,1
8100,1
8101,0
8102,0
8103,1
8104,1
8105,1
8106,1
8107,1
8108,0
8109,1
8110,0
8111,1
8112,1
8113,0
8114,0
8115,1
8116,1
8117,0
8118,0
8119,1
8120,1
8121,0
8122,0
8123,0
8124,1
8125,1
8126,0
8127,0
8128,1
8129,1
8130,1
8131,0
8132,1
8133,0
8134,0
8135,1
8136,1
8137,1
8138,1
8139,0
8140,0
8141,1
8142,0
8143,0
8144,1
8145,0
8146,1
8147,0
8148,0
8149,1
8150,1
8151,1
8152,1
8153,0
8154,1
8155,0
8156,1
8157,0
8158,0
8159,0
8160,0
8161,1
8162,0
8163,1
8164,0
8165,1
8166,0
8167,1
8168,1
8169,0
8170,1
8171,1
8172,1
8173,1
8174,0
8175,1
8176,1
8177,0
8178,1
8179,1
8180,0
8181,1
8182,0
8183,0
8184,1
8185,0
8186,1
8187,0
8188,1
8189,1
8190,0
8191,0
8192,1
8193,0
8194,0
8195,1
8196,1
8197,0
8198,1
8199,0
8200,1
8201,0
8202,0
8203,1
8204,1
8205,0
8206,1
8207,0
8208,0
8209,1
8210,1
8211,0
8212,0
8213,0
8214,1
8215,0
8216,0
8217,0
8218,1
8219,0
8220,1
8221,0
8222,1
8223,0
8224,0
8225,1
8226,1
8227,0
8228,0
8229,0
8230,0
8231,1
8232,1
8233,1
8234,0
8235,1
8236,1
8237,1
8238,0
8239,1
8240,0
8241,1
8242,0
8243,0
8244,1
8245,1
8246,0
8247,1
8248,0
8249,0
8250,1
8251,1
8252,1
8253,1
8254,1
8255,0
8256,0
8257,1
8258,0
8259,0
8260,0
8261,1
8262,1
8263,0
8264,0
8265,1
8266,1
8267,0
8268,1
8269,0
8270,1
8271,0
8272,1
8273,1
8274,1
8275,1
8276,0
8277,1
8278,0
8279,0
8280,0
8281,0
8282,1
8283,0
8284,1
8285,0
8286,0
8287,1
8288,0
8289,1
8290,1
8291,0
8292,0
8293,1
8294,1
8295,1
8296,1
8297,1
8298,1
8299,1
8300,1
8301,0
8302,1
8303,0
8304,0
8305,0
8306,0
8307,1
8308,0
8309,0
8310,0
8311,1
8312,1
8313,1
8314,1
8315,1
8316,0
8317,1
8318,1
8319,0
8320,1
8321,0
8322,1
8323,0
8324,0
8325,0
8326,0
8327,0
8328,1
8329,1
8330,1
8331,0
8332,0
8333,1
8334,1
8335,0
8336,1
8337,0
8338,1
8339,0
8340,1
8341,0
8342,0
8343,0
8344,0
8345,1
8346,0
8347,0
8348,1
8349,1
8350,0
8351,1
8352,1
8353,1
8354,1
8355,0
8356,1
8357,0
8358,0
8359,1
8360,0
8361,0
8362,0
8363,1
8364,0
8365,1
8366,1
8367,1
8368,1
8369,0
8370,1
8371,1
8372,1
8373,1
8374,1
8375,0
8376,1
8377,1
8378,0
8379,0
8380,0
8381,1
8382,0
8383,1
8384,0
8385,0
8386,1
8387,1
8388,0
8389,0
8390,0
8391,1
8392,0
8393,1
8394,0
8395,0
8396,0
8397,1
8398,0
8399,0
8400,1
8401,1
8402,1
8403,0
8404,1
8405,1
8406,1
8407,0
8408,1
8409,1
8410,1
8411,0
8412,0
8413,1
8414,0
8415,0
8416,0
8417,1
8418,1
8419,0
8420,1
8421,1
8422,0
8423,1
8424,0
8425,1
8426,1
8427,1
8428,1
8429,1
8430,0
8431,1
8432,1
8433,0
8434,0
8435,1
8436,1
8437,1
8438,0
8439,0
8440,0
8441,1
8442,0
8443,1
8444,0
8445,0
8446,1
8447,1
8448,0
8449,0
8450,1
8451,1
8452,1
8453,1
8454,1
8455,0
8456,1
8457,0
8458,1
8459,1
8460,1
8461,0
8462,1
8463,0
8464,1
8465,1
8466,1
8467,0
8468,1
8469,1
8470,0
8471,1
8472,1
8473,1
8474,0
8475,1
8476,0
8477,1
8478,0
8479,0
8480,1
8481,0
8482,1
8483,0
8484,1
8485,0
8486,0
8487,1
8488,0
8489,1
8490,1
8491,1
8492,1
8493,1
8494,1
8495,1
8496,0
8497,0
8498,1
8499,1
8500,1
8501,1
8502,1
8503,0
8504,1
8505,0
8506,1
8507,1
8508,1
8509,0
8510,1
8511,1
8512,0
8513,1
8514,1
8515,0
8516,0
8517,1
8518,0
8519,0
8520,1
8521,1
8522,1
8523,1
8524,1
8525,1
8526,1
8527,0
8528,0
8529,1
8530,1
8531,1
8532,0
8533,1
8534,0
8535,1
8536,1
8537,1
8538,1
8539,0
8540,0
8541,0
8542,0
8543,0
8544,0
8545,0
8546,1
8547,0
8548,0
8549,1
8550,1
8551,0
8552,0
8553,1
8554,1
8555,1
8556,0
8557,0
8558,1
8559,0
8560,0
8561,0
8562,0
8563,1
8564,0
8565,0
8566,1
8567,1
8568,1
8569,0
8570,1
8571,0
8572,0
8573,0
8574,1
8575,1
8576,1
8577,1
8578,0
8579,0
8580,1
8581,0
8582,1
8583,0
8584,1
8585,1
8586,1
8587,1
8588,1
8589,0
8590,0
8591,1
8592,0
8593,1
8594,1
8595,1
8596,0
8597,1
8598,1
8599,1
8600,0
8601,0
8602,1
8603,0
8604,1
8605,1
8606,1
8607,0
8608,1
8609,0
8610,0
8611,0
8612,0
8613,0
8614,1
8615,0
8616,1
8617,1
8618,0
8619,1
8620,0
8621,1
8622,0
8623,1
8624,1
8625,1
8626,0
8627,1
8628,0
8629,0
8630,0
8631,1
8632,0
8633,0
8634,0
8635,0
8636,0
8637,0
8638,0
8639,1
8640,1
8641,1
8642,0
8643,0
8644,1
8645,0
8646,0
8647,1
8648,0
8649,1
8650,1
8651,0
8652,1
8653,0
8654,0
8655,1
8656,1
8657,1
8658,1
8659,1
8660,1
8661,0
8662,1
8663,0
8664,1
8665,1
8666,0
8667,1
8668,0
8669,1
8670,0
8671,0
8672,0
8673,0
8674,0
8675,0
8676,0
8677,0
8678,1
8679,1
8680,1
8681,1
8682,1
8683,0
8684,1
8685,1
8686,1
8687,1
8688,0
8689,1
8690,1
8691,0
8692,1
8693,0
8694,0
8695,0
8696,0
8697,0
8698,1
8699,0
8700,0
8701,1
8702,1
8703,0
8704,1
8705,1
8706,0
8707,0
8708,0
8709,1
8710,1
8711,1
8712,0
8713,0
8714,1
8715,0
8716,1
8717,1
8718,1
8719,0
8720,0
8721,0
8722,0
8723,1
8724,1
8725,0
8726,1
8727,0
8728,0
8729,0
8730,1
8731,0
8732,0
8733,0
8734,1
8735,1
8736,0
8737,1
8738,0
8739,0
8740,0
8741,1
8742,1
8743,1
8744,1
8745,0
8746,0
8747,1
8748,1
8749,1
8750,1
8751,1
8752,1
8753,1
8754,1
8755,0
8756,0
8757,1
8758,0
8759,0
8760,1
8761,0
8762,0
8763,1
8764,1
8765,1
8766,1
8767,0
8768,0
8769,1
8770,1
8771,0
8772,0
8773,1
8774,1
8775,0
8776,1
8777,1
8778,1
8779,0
8780,1
8781,1
8782,1
8783,1
8784,0
8785,1
8786,0
8787,1
8788,0
8789,0
8790,1
8791,0
8792,0
8793,0
8794,0
8795,1
8796,0
8797,0
8798,1
8799,0
8800,0
8801,0
8802,0
8803,1
8804,0
8805,1
8806,0
8807,0
8808,1
8809,0
8810,1
8811,0
8812,0
8813,1
8814,1
8815,0
8816,0
8817,0
8818,0
8819,0
8820,1
8821,0
8822,0
8823,0
8824,1
8825,1
8826,1
8827,0
8828,0
8829,0
8830,0
8831,0
8832,1
8833,1
8834,1
8835,0
8836,1
8837,0
8838,0
8839,0
8840,1
8841,1
8842,0
8843,0
8844,1
8845,1
8846,0
8847,1
8848,1
8849,1
8850,1
8851,1
8852,1
8853,1
8854,1
8855,0
8856,1
8857,0
8858,1
8859,1
8860,0
8861,0
8862,0
8863,0
8864,0
8865,0
8866,1
8867,1
8868,0
8869,0
8870,0
8871,1
8872,1
8873,1
8874,1
8875,1
8876,1
8877,0
8878,0
8879,0
8880,0
8881,0
8882,0
8883,0
8884,0
8885,1
8886,1
8887,1
8888,0
8889,0
8890,1
8891,0
8892,0
8893,1
8894,1
8895,1
8896,1
8897,0
8898,0
8899,1
8900,1
8901,0
8902,1
8903,0
8904,1
8905,1
8906,1
8907,0
8908,1
8909,1
8910,1
8911,1
8912,1
8913,0
8914,1
8915,0
8916,1
8917,1
8918,0
8919,0
8920,0
8921,1
8922,1
8923,0
8924,0
8925,1
8926,1
8927,0
8928,1
8929,1
8930,1
8931,1
8932,1
8933,0
8934,1
8935,0
8936,0
8937,1
8938,0
8939,0
8940,0
8941,1
8942,1
8943,1
8944,0
8945,1
8946,1
8947,0
8948,0
8949,1
8950,0
8951,1
8952,0
8953,0
8954,1
8955,1
8956,1
8957,1
8958,0
8959,0
8960,0
8961,0
8962,1
8963,1
8964,0
8965,0
8966,0
8967,0
8968,0
8969,1
8970,0
8971,0
8972,1
8973,0
8974,0
8975,0
8976,0
8977,0
8978,1
8979,1
8980,1
8981,1
8982,0
8983,0
8984,1
8985,0
8986,0
8987,0
8988,1
8989,1
8990,0
8991,0
8992,0
8993,0
8994,1
8995,1
8996,1
8997,0
8998,0
8999,1
9000,0
9001,0
9002,1
9003,0
9004,0
9005,1
9006,0
9007,1
9008,1
9009,0
9010,1
9011,0
9012,1
9013,0
9014,1
9015,1
9016,1
9017,0
9018,0
9019,1
9020,1
9021,0
9022,0
9023,0
9024,1
9025,0
9026,0
9027,0
9028,1
9029,1
9030,0
9031,0
9032,1
9033,1
9034,1
9035,1
9036,0
9037,1
9038,0
9039,1
9040,0
9041,1
9042,1
9043,1
9044,0
9045,0
9046,1
9047,1
9048,1
9049,1
9050,1
9051,0
9052,1
9053,1
9054,0
9055,0
9056,1
9057,1
9058,1
9059,0
9060,1
9061,0
9062,0
9063,0
9064,0
9065,1
9066,0
9067,0
9068,1
9069,0
9070,1
9071,1
9072,0
9073,0
9074,1
9075,0
9076,0
9077,1
9078,1
9079,1
9080,0
9081,1
9082,0
9083,0
9084,0
9085,0
9086,0
9087,1
9088,1
9089,1
9090,1
9091,1
9092,0
9093,0
9094,1
9095,1
9096,1
9097,1
9098,1
9099,0
9100,1
9101,0
9102,0
9103,1
9104,0
9105,0
9106,0
9107,1
9108,0
9109,1
9110,1
9111,0
9112,1
9113,1
9114,1
9115,0
9116,1
9117,0
9118,1
9119,0
9120,1
9121,1
9122,1
9123,1
9124,1
9125,1
9126,0
9127,1
9128,0
9129,0
9130,1
9131,1
9132,0
9133,0
9134,0
9135,0
9136,0
9137,1
9138,0
9139,0
9140,0
9141,1
9142,1
9143,0
9144,0
9145,1
9146,1
9147,1
9148,0
9149,1
9150,1
9151,0
9152,1
9153,0
9154,1
9155,0
9156,1
9157,1
9158,0
9159,0
9160,1
9161,0
9162,0
9163,1
9164,0
9165,0
9166,1
9167,0
9168,0
9169,0
9170,0
9171,0
9172,1
9173,1
9174,0
9175,0
9176,1
9177,0
9178,1
9179,0
9180,1
9181,0
9182,1
9183,1
9184,0
9185,0
9186,1
9187,0
9188,0
9189,0
9190,0
9191,0
9192,1
9193,0
9194,1
9195,1
9196,1
9197,1
9198,1
9199,0
9200,0
9201,1
9202,0
9203,1
9204,0
9205,1
9206,0
9207,0
9208,1
9209,1
9210,1
9211,1
9212,0
9213,1
9214,0
9215,1
9216,1
9217,0
9218,0
9219,1
9220,1
9221,1
9222,0
9223,1
9224,0
9225,1
9226,1
9227,0
9228,1
9229,1
9230,0
9231,0
9232,1
9233,0
9234,0
9235,1
9236,1
9237,1
9238,0
9239,1
9240,1
9241,0
9242,0
9243,1
9244,0
9245,0
9246,0
9247,1
9248,0
9249,0
9250,1
9251,1
9252,1
9253,0
9254,0
9255,0
9256,1
9257,1
9258,0
9259,0
9260,0
9261,0
9262,1
9263,0
9264,1
9265,1
9266,0
9267,1
9268,1
9269,0
9270,0
9271,1
9272,0
9273,0
9274,0
9275,0
9276,1
9277,0
9278,1
9279,0
9280,0
9281,0
9282,0
9283,1
9284,0
9285,0
9286,0
9287,0
9288,1
9289,0
9290,0
9291,0
9292,1
9293,1
9294,0
9295,0
9296,0
9297,0
9298,0
9299,1
9300,0
9301,1
9302,0
9303,1
9304,0
9305,1
9306,0
9307,1
9308,1
9309,1
9310,0
9311,0
9312,0
9313,1
9314,1
9315,0
9316,0
9317,1
9318,1
9319,0
9320,1
9321,0
9322,0
9323,0
9324,1
9325,1
9326,0
9327,1
9328,1
9329,1
9330,0
9331,0
9332,1
9333,0
9334,0
9335,0
9336,0
9337,1
9338,1
9339,1
9340,1
9341,0
9342,0
9343,0
9344,0
9345,0
9346,0
9347,0
9348,1
9349,1
9350,0
9351,1
9352,1
9353,1
9354,0
9355,1
9356,0
9357,0
9358,0
9359,1
9360,0
9361,0
9362,0
9363,1
9364,0
9365,0
9366,0
9367,0
9368,1
9369,0
9370,1
9371,1
9372,0
9373,1
9374,1
9375,0
9376,1
9377,0
9378,0
9379,1
9380,0
9381,0
9382,1
9383,1
9384,1
9385,1
9386,0
9387,1
9388,0
9389,1
9390,1
9391,1
9392,1
9393,0
9394,0
9395,1
9396,0
9397,0
9398,0
9399,1
9400,1
9401,0
9402,0
9403,1
9404,1
9405,1
9406,1
9407,0
9408,1
9409,0
9410,0
9411,1
9412,1
9413,0
9414,0
9415,0
9416,0
9417,0
9418,1
9419,0
9420,0
9421,0
9422,1
9423,1
9424,0
9425,1
9426,0
9427,0
9428,0
9429,1
9430,0
9431,0
9432,1
9433,0
9434,1
9435,0
9436,0
9437,0
9438,1
9439,1
9440,1
9441,0
9442,1
9443,0
9444,1
9445,0
9446,1
9447,1
9448,0
9449,0
9450,1
9451,1
9452,1
9453,0
9454,1
9455,1
9456,0
9457,1
9458,0
9459,1
9460,0
9461,1
9462,1
9463,1
9464,1
9465,0
9466,1
9467,1
9468,1
9469,1
9470,0
9471,1
9472,0
9473,0
9474,1
9475,1
9476,0
9477,0
9478,0
9479,0
9480,0
9481,0
9482,1
9483,1
9484,1
9485,1
9486,1
9487,1
9488,0
9489,0
9490,0
9491,1
9492,1
9493,0
9494,1
9495,0
9496,1
9497,0
9498,1
9499,1
9500,0
9501,0
9502,1
9503,1
9504,0
9505,0
9506,1
9507,1
9508,1
9509,0
9510,0
9511,1
9512,1
9513,0
9514,1
9515,0
9516,0
9517,1
9518,1
9519,1
9520,0
9521,0
9522,1
9523,1
9524,1
9525,1
9526,0
9527,1
9528,1
9529,1
9530,0
9531,0
9532,1
9533,0
9534,0
9535,0
9536,1
9537,0
9538,1
9539,0
9540,1
9541,1
9542,1
9543,1
9544,0
9545,1
9546,0
9547,0
9548,0
9549,0
9550,0
9551,0
9552,0
9553,1
9554,0
9555,1
9556,1
9557,0
9558,0
9559,0
9560,0
9561,1
9562,1
9563,0
9564,1
9565,0
9566,0
9567,0
9568,0
9569,1
9570,1
9571,1
9572,0
9573,0
9574,1
9575,1
9576,0
9577,0
9578,1
9579,1
9580,1
9581,1
9582,1
9583,0
9584,0
9585,1
9586,1
9587,1
9588,1
9589,0
9590,1
9591,1
9592,1
9593,1
9594,0
9595,1
9596,0
9597,1
9598,0
9599,0
9600,1
9601,1
9602,0
9603,1
9604,0
9605,1
9606,0
9607,0
9608,0
9609,1
9610,1
9611,1
9612,0
9613,0
9614,1
9615,0
9616,0
9617,1
9618,0
9619,0
9620,1
9621,1
9622,1
9623,1
9624,0
9625,0
9626,1
9627,1
9628,1
9629,1
9630,0
9631,0
9632,1
9633,1
9634,0
9635,1
9636,1
9637,0
9638,1
9639,0
9640,1
9641,0
9642,1
9643,0
9644,1
9645,0
9646,0
9647,0
9648,1
9649,0
9650,1
9651,0
9652,0
9653,1
9654,0
9655,0
9656,1
9657,0
9658,1
9659,0
9660,0
9661,0
9662,1
9663,0
9664,0
9665,1
9666,1
9667,0
9668,0
9669,0
9670,1
9671,0
9672,1
9673,1
9674,0
9675,0
9676,1
9677,0
9678,0
9679,0
9680,0
9681,0
9682,1
9683,1
9684,0
9685,1
9686,0
9687,0
9688,1
9689,1
9690,0
9691,0
9692,1
9693,1
9694,0
9695,0
9696,1
9697,1
9698,0
9699,0
9700,1
9701,0
9702,0
9703,0
9704,1
9705,1
9706,1
9707,0
9708,0
9709,1
9710,1
9711,1
9712,1
9713,0
9714,0
9715,1
9716,1
9717,1
9718,1
9719,1
9720,1
9721,1
9722,1
9723,0
9724,1
9725,1
9726,1
9727,0
9728,1
9729,1
9730,1
9731,0
9732,1
9733,1
9734,1
9735,1
9736,1
9737,1
9738,0
9739,1
9740,0
9741,1
9742,0
9743,0
9744,1
9745,1
9746,1
9747,0
9748,0
9749,0
9750,1
9751,0
9752,1
9753,1
9754,1
9755,1
9756,0
9757,1
9758,0
9759,1
9760,1
9761,1
9762,1
9763,1
9764,0
9765,0
9766,0
9767,1
9768,0
9769,0
9770,0
9771,0
9772,0
9773,1
9774,0
9775,0
9776,0
9777,0
9778,0
9779,0
9780,1
9781,1
9782,1
9783,0
9784,0
9785,0
9786,0
9787,1
9788,0
9789,0
9790,1
9791,1
9792,1
9793,1
9794,1
9795,1
9796,1
9797,0
9798,0
9799,0
9800,1
9801,1
9802,1
9803,1
9804,1
9805,1
9806,0
9807,0
9808,0
9809,0
9810,1
9811,1
9812,1
9813,1
9814,1
9815,0
9816,0
9817,0
9818,0
9819,1
9820,1
9821,0
9822,0
9823,0
9824,1
9825,1
9826,1
9827,1
9828,0
9829,1
9830,0
9831,1
9832,0
9833,0
9834,1
9835,0
9836,0
9837,0
9838,1
9839,0
9840,0
9841,0
9842,1
9843,0
9844,0
9845,1
9846,1
9847,0
9848,1
9849,0
9850,0
9851,0
9852,0
9853,1
9854,1
9855,1
9856,1
9857,1
9858,0
9859,0
9860,1
9861,0
9862,1
9863,1
9864,1
9865,1
9866,0
9867,0
9868,1
9869,0
9870,1
9871,0
9872,1
9873,0
9874,1
9875,1
9876,1
9877,1
9878,1
9879,1
9880,0
9881,1
9882,0
9883,1
9884,1
9885,0
9886,0
9887,0
9888,1
9889,0
9890,0
9891,0
9892,1
9893,1
9894,1
9895,0
9896,0
9897,1
9898,1
9899,1
9900,1
9901,1
9902,1
9903,0
9904,1
9905,1
9906,1
9907,1
9908,1
9909,1
9910,0
9911,0
9912,0
9913,1
9914,0
9915,1
9916,0
9917,0
9918,0
9919,0
9920,0
9921,0
9922,1
9923,1
9924,1
9925,0
9926,0
9927,1
9928,1
9929,1
9930,1
9931,0
9932,0
9933,0
9934,0
9935,0
9936,1
9937,0
9938,0
9939,0
9940,0
9941,0
9942,1
9943,0
9944,0
9945,1
9946,0
9947,0
9948,1
9949,1
9950,1
9951,1
9952,1
9953,1
9954,0
9955,0
9956,1
9957,1
9958,1
9959,0
9960,0
9961,1
9962,0
9963,1
9964,1
9965,0
9966,1
9967,0
9968,0
9969,0
9970,0
9971,1
9972,1
9973,0
9974,1
9975,1
9976,0
9977,1
9978,1
9979,1
9980,1
9981,1
9982,0
9983,1
9984,0
9985,0
9986,0
9987,0
9988,0
9989,0
9990,1
9991,0
9992,0
9993,1
9994,1
9995,1
9996,0
9997,0
9998,1
9999,1
10000,0
10001,1
10002,1
10003,0
10004,1
10005,1
10006,1
10007,1
10008,1
10009,1
10010,0
10011,0
10012,1
10013,1
10014,1
10015,0
10016,1
10017,1
10018,1
10019,1
10020,1
10021,1
10022,0
10023,0
10024,0
10025,0
10026,0
10027,0
10028,1
10029,0
10030,0
10031,1
10032,1
10033,1
10034,0
10035,0
10036,0
10037,1
10038,0
10039,0
10040,1
10041,0
10042,0
10043,0
10044,1
10045,0
10046,0
10047,0
10048,0
10049,1
10050,1
10051,1
10052,1
10053,0
10054,1
10055,1
10056,0
10057,1
10058,0
10059,0
10060,0
10061,1
10062,1
10063,0
10064,0
10065,1
10066,1
10067,1
10068,1
10069,1
10070,0
10071,1
10072,1
10073,0
10074,1
10075,1
10076,1
10077,1
10078,0
10079,1
10080,0
10081,1
10082,1
10083,1
10084,0
10085,0
10086,0
10087,0
10088,1
10089,1
10090,1
10091,1
10092,0
10093,1
10094,0
10095,1
10096,0
10097,0
10098,0
10099,1
10100,0
10101,0
10102,1
10103,1
10104,0
10105,0
10106,1
10107,1
10108,0
10109,1
10110,0
10111,1
10112,1
10113,0
10114,1
10115,1
10116,0
10117,1
10118,1
10119,0
10120,1
10121,1
10122,1
10123,1
10124,0
10125,1
10126,1
10127,0
10128,1
10129,0
10130,1
10131,0
10132,1
10133,1
10134,0
10135,0
10136,0
10137,1
10138,0
10139,0
10140,0
10141,0
10142,0
10143,0
10144,0
10145,1
10146,0
10147,0
10148,0
10149,1
10150,1
10151,1
10152,1
10153,0
10154,1
10155,0
10156,1
10157,1
10158,1
10159,0
10160,1
10161,1
10162,0
10163,0
10164,0
10165,0
10166,0
10167,0
10168,0
10169,0
10170,1
10171,1
10172,0
10173,1
10174,1
10175,1
10176,0
10177,0
10178,1
10179,0
10180,1
10181,0
10182,1
10183,1
10184,1
10185,0
10186,0
10187,0
10188,1
10189,0
10190,0
10191,1
10192,0
10193,1
10194,1
10195,0
10196,0
10197,0
10198,1
10199,1
10200,1
10201,1
10202,0
10203,0
10204,1
10205,1
10206,1
10207,0
10208,0
10209,0
10210,1
10211,1
10212,1
10213,0
10214,0
10215,1
10216,0
10217,0
10218,1
10219,1
10220,0
10221,0
10222,0
10223,1
10224,1
10225,1
10226,1
10227,1
10228,1
10229,1
10230,1
10231,0
10232,0
10233,0
10234,1
10235,1
10236,1
10237,1
10238,0
10239,1
10240,1
10241,0
10242,0
10243,0
10244,0
10245,0
10246,1
10247,0
10248,1
10249,0
10250,1
10251,0
10252,1
10253,0
10254,0
10255,0
10256,0
10257,1
10258,0
10259,0
10260,1
10261,0
10262,0
10263,0
10264,1
10265,1
10266,1
10267,1
10268,0
10269,0
10270,1
10271,0
10272,1
10273,1
10274,1
10275,0
10276,1
10277,0
10278,1
10279,0
10280,0
10281,0
10282,0
10283,0
10284,0
10285,0
10286,1
10287,1
10288,1
10289,1
10290,0
10291,0
10292,1
10293,0
10294,1
10295,1
10296,1
10297,0
10298,0
10299,1
10300,0
10301,1
10302,0
10303,1
10304,0
10305,0
10306,0
10307,0
10308,1
10309,1
10310,0
10311,1
10312,1
10313,0
10314,1
10315,0
10316,0
10317,0
10318,1
10319,0
10320,0
10321,0
10322,0
10323,0
10324,0
10325,1
10326,0
10327,0
10328,1
10329,0
10330,1
10331,1
10332,0
10333,1
10334,1
10335,0
10336,1
10337,1
10338,1
10339,0
10340,1
10341,1
10342,0
10343,1
10344,1
10345,0
10346,1
10347,1
10348,0
10349,0
10350,0
10351,1
10352,0
10353,1
10354,0
10355,0
10356,1
10357,0
10358,1
10359,0
10360,1
10361,1
10362,1
10363,1
10364,0
10365,1
10366,0
10367,1
10368,0
10369,1
10370,0
10371,1
10372,0
10373,1
10374,0
10375,1
10376,1
10377,1
10378,1
10379,0
10380,0
10381,1
10382,1
10383,1
10384,0
10385,0
10386,1
10387,0
10388,1
10389,1
10390,0
10391,1
10392,1
10393,1
10394,1
10395,0
10396,0
10397,1
10398,1
10399,0
10400,0
10401,1
10402,1
10403,0
10404,1
10405,1
10406,0
10407,1
10408,1
10409,0
10410,1
10411,1
10412,1
10413,1
10414,0
10415,0
10416,1
10417,1
10418,1
10419,0
10420,0
10421,0
10422,0
10423,1
10424,1
10425,0
10426,1
10427,0
10428,1
10429,0
10430,1
10431,1
10432,0
10433,0
10434,0
10435,1
10436,0
10437,1
10438,0
10439,1
10440,1
10441,1
10442,0
10443,0
10444,0
10445,0
10446,0
10447,0
10448,0
10449,0
10450,1
10451,1
10452,0
10453,0
10454,1
10455,1
10456,0
10457,1
10458,0
10459,1
10460,1
10461,1
10462,0
10463,1
10464,0
10465,0
10466,0
10467,1
10468,1
10469,1
10470,1
10471,1
10472,1
10473,0
10474,0
10475,1
10476,0
10477,1
10478,0
10479,0
10480,1
10481,1
10482,1
10483,1
10484,0
10485,0
10486,1
10487,0
10488,0
10489,1
10490,0
10491,1
10492,0
10493,1
10494,0
10495,1
10496,0
10497,0
10498,1
10499,0
10500,0
10501,0
10502,0
10503,1
10504,0
10505,0
10506,1
10507,1
10508,1
10509,0
10510,1
10511,1
10512,1
10513,1
10514,0
10515,1
10516,0
10517,0
10518,0
10519,1
10520,0
10521,1
10522,0
10523,0
10524,0
10525,0
10526,0
10527,1
10528,1
10529,1
10530,1
10531,0
10532,1
10533,1
10534,0
10535,1
10536,1
10537,0
10538,1
10539,1
10540,0
10541,0
10542,0
10543,1
10544,1
10545,1
10546,1
10547,0
10548,0
10549,1
10550,0
10551,0
10552,1
10553,1
10554,0
10555,1
10556,0
10557,1
10558,0
10559,0
10560,1
10561,0
10562,0
10563,0
10564,0
10565,0
10566,0
10567,0
10568,0
10569,0
10570,1
10571,0
10572,1
10573,1
10574,0
10575,1
10576,1
10577,1
10578,0
10579,0
10580,1
10581,0
10582,1
10583,0
10584,0
10585,1
10586,1
10587,0
10588,0
10589,1
10590,1
10591,0
10592,1
10593,0
10594,0
10595,0
10596,1
10597,1
10598,0
10599,0
10600,0
10601,0
10602,0
10603,1
10604,1
10605,1
10606,0
10607,1
10608,0
10609,0
10610,0
10611,1
10612,0
10613,1
10614,1
10615,1
10616,0
10617,1
10618,1
10619,1
10620,0
10621,1
10622,0
10623,1
10624,1
10625,0
10626,1
10627,1
10628,1
10629,0
10630,1
10631,1
10632,0
10633,0
10634,1
10635,1
10636,0
10637,1
10638,1
10639,0
10640,0
10641,0
10642,0
10643,1
10644,0
10645,0
10646,0
10647,1
10648,0
10649,1
10650,1
10651,0
10652,1
10653,1
10654,1
10655,1
10656,0
10657,1
10658,0
10659,0
10660,1
10661,0
10662,0
10663,0
10664,1
10665,1
10666,0
10667,0
10668,1
10669,1
10670,1
10671,1
10672,1
10673,0
10674,1
10675,1
10676,1
10677,1
10678,1
10679,1
10680,0
10681,1
10682,1
10683,0
10684,0
10685,1
10686,1
10687,1
10688,0
10689,0
10690,1
10691,1
10692,0
10693,1
10694,1
10695,0
10696,0
10697,0
10698,1
10699,0
10700,1
10701,0
10702,0
10703,1
10704,1
10705,0
10706,0
10707,0
10708,1
10709,0
10710,0
10711,1
10712,0
10713,1
10714,0
10715,0
10716,1
10717,0
10718,1
10719,0
10720,0
10721,1
10722,1
10723,0
10724,0
10725,0
10726,1
10727,1
10728,1
10729,1
10730,0
10731,0
10732,1
10733,0
10734,1
10735,1
10736,0
10737,1
10738,0
10739,0
10740,1
10741,1
10742,0
10743,0
10744,0
10745,1
10746,1
10747,1
10748,1
10749,1
10750,0
10751,1
10752,0
10753,0
10754,1
10755,0
10756,0
10757,1
10758,0
10759,1
10760,1
10761,1
10762,1
10763,1
10764,1
10765,0
10766,0
10767,0
10768,0
10769,0
10770,0
10771,0
10772,0
10773,0
10774,1
10775,1
10776,1
10777,0
10778,1
10779,1
10780,1
10781,1
10782,0
10783,1
10784,1
10785,0
10786,1
10787,0
10788,0
10789,1
10790,1
10791,1
10792,1
10793,1
10794,0
10795,0
10796,1
10797,1
10798,0
10799,1
10800,1
10801,0
10802,1
10803,1
10804,0
10805,1
10806,0
10807,1
10808,0
10809,1
10810,1
10811,0
10812,1
10813,1
10814,1
10815,0
10816,1
10817,1
10818,1
10819,1
10820,0
10821,0
10822,1
10823,1
10824,1
10825,0
10826,0
10827,1
10828,1
10829,0
10830,1
10831,0
10832,0
10833,1
10834,1
10835,1
10836,0
10837,1
10838,0
10839,1
10840,1
10841,1
10842,1
10843,1
10844,0
10845,0
10846,1
10847,0
10848,0
10849,1
10850,1
10851,0
10852,0
10853,0
10854,0
10855,0
10856,1
10857,0
10858,0
10859,0
10860,1
10861,0
10862,1
10863,0
10864,0
10865,1
10866,0
10867,1
10868,1
10869,0
10870,1
10871,1
10872,0
10873,1
10874,1
10875,0
10876,0
10877,1
10878,1
10879,0
10880,1
10881,0
10882,0
10883,0
10884,1
10885,1
10886,1
10887,1
10888,0
10889,1
10890,1
10891,1
10892,0
10893,1
10894,1
10895,0
10896,0
10897,0
10898,0
10899,0
10900,0
10901,1
10902,0
10903,0
10904,0
10905,0
10906,1
10907,0
10908,1
10909,0
10910,1
10911,0
10912,0
10913,1
10914,0
10915,1
10916,0
10917,1
10918,1
10919,0
10920,0
10921,1
10922,1
10923,1
10924,0
10925,0
10926,0
10927,1
10928,1
10929,0
10930,0
10931,1
10932,0
10933,1
10934,1
10935,0
10936,0
10937,0
10938,1
10939,1
10940,0
10941,1
10942,1
10943,1
10944,1
10945,1
10946,0
10947,1
10948,0
10949,1
10950,1
10951,0
10952,0
10953,1
10954,0
10955,1
10956,1
10957,0
10958,1
10959,0
10960,1
10961,0
10962,0
10963,0
10964,1
10965,1
10966,0
10967,1
10968,0
10969,1
10970,1
10971,1
10972,1
10973,0
10974,0
10975,1
10976,0
10977,1
10978,1
10979,0
10980,1
10981,0
10982,0
10983,0
10984,0
10985,0
10986,1
10987,1
10988,1
10989,1
10990,0
10991,1
10992,1
10993,0
10994,0
10995,1
10996,0
10997,1
10998,0
10999,1
11000,1
11001,0
11002,0
11003,1
11004,1
11005,0
11006,0
11007,0
11008,1
11009,1
11010,0
11011,0
11012,0
11013,0
11014,0
11015,0
11016,0
11017,1
11018,1
11019,0
11020,0
11021,0
11022,1
11023,0
11024,0
11025,1
11026,1
11027,0
11028,1
11029,0
11030,0
11031,1
11032,1
11033,0
11034,0
11035,0
11036,0
11037,0
11038,1
11039,1
11040,1
11041,0
11042,1
11043,0
11044,0
11045,1
11046,0
11047,0
11048,0
11049,1
11050,0
11051,0
11052,1
11053,0
11054,0
11055,1
11056,1
11057,0
11058,1
11059,1
11060,1
11061,1
11062,0
11063,0
11064,1
11065,0
11066,0
11067,1
11068,1
11069,0
11070,0
11071,0
11072,1
11073,1
11074,1
11075,1
11076,1
11077,1
11078,1
11079,0
11080,0
11081,0
11082,1
11083,0
11084,0
11085,0
11086,1
11087,1
11088,1
11089,0
11090,0
11091,1
11092,0
11093,0
11094,1
11095,0
11096,1
11097,0
11098,1
11099,1
11100,0
11101,0
11102,1
11103,1
11104,0
11105,1
11106,1
11107,0
11108,1
11109,1
11110,1
11111,0
11112,0
11113,0
11114,0
11115,1
11116,0
11117,0
11118,1
11119,1
11120,1
11121,1
11122,1
11123,0
11124,1
11125,0
11126,0
11127,1
11128,0
11129,1
11130,1
11131,1
11132,0
11133,1
11134,0
11135,1
11136,1
11137,1
11138,0
11139,0
11140,0
11141,0
11142,1
11143,0
11144,1
11145,0
11146,0
11147,0
11148,0
11149,0
11150,1
11151,0
11152,0
11153,0
11154,0
11155,0
11156,1
11157,0
11158,1
11159,0
11160,1
11161,1
11162,1
11163,1
11164,0
11165,0
11166,1
11167,1
11168,1
11169,0
11170,0
11171,1
11172,1
11173,0
11174,0
11175,0
11176,0
11177,1
11178,0
11179,1
11180,0
11181,0
11182,0
11183,1
11184,1
11185,1
11186,1
11187,1
11188,0
11189,0
11190,1
11191,0
11192,1
11193,0
11194,0
11195,0
11196,1
11197,1
11198,1
11199,1
11200,1
11201,0
11202,0
11203,1
11204,0
11205,0
11206,1
11207,1
11208,0
11209,1
11210,0
11211,1
11212,0
11213,0
11214,1
11215,1
11216,1
11217,0
11218,0
11219,1
11220,1
11221,1
11222,0
11223,1
11224,0
11225,1
11226,1
11227,0
11228,1
11229,0
11230,0
11231,1
11232,0
11233,1
11234,1
11235,0
11236,1
11237,0
11238,0
11239,0
11240,1
11241,0
11242,0
11243,1
11244,0
11245,1
11246,1
11247,0
11248,0
11249,0
11250,0
11251,0
11252,1
11253,0
11254,0
11255,0
11256,1
11257,1
11258,0
11259,1
11260,1
11261,0
11262,0
11263,1
11264,1
11265,0
11266,1
11267,1
11268,1
11269,0
11270,1
11271,1
11272,0
11273,0
11274,0
11275,1
11276,1
11277,0
11278,0
11279,0
11280,0
11281,0
11282,0
11283,0
11284,0
11285,1
11286,0
11287,1
11288,1
11289,1
11290,0
11291,1
11292,0
11293,0
11294,0
11295,1
11296,0
11297,0
11298,1
11299,1
11300,0
11301,1
11302,0
11303,0
11304,0
11305,0
11306,0
11307,0
11308,0
11309,0
11310,0
11311,0
11312,0
11313,1
11314,0
11315,1
11316,0
11317,1
11318,1
11319,0
11320,0
11321,0
11322,0
11323,1
11324,1
11325,1
11326,0
11327,0
11328,1
11329,0
11330,1
11331,0
11332,0
11333,0
11334,0
11335,0
11336,1
11337,0
11338,1
11339,0
11340,0
11341,0
11342,1
11343,0
11344,0
11345,1
11346,0
11347,0
11348,0
11349,0
11350,1
11351,1
11352,0
11353,1
11354,1
11355,1
11356,0
11357,0
11358,0
11359,1
11360,0
11361,1
11362,1
11363,0
11364,1
11365,1
11366,0
11367,1
11368,1
11369,1
11370,0
11371,0
11372,1
11373,1
11374,1
11375,1
11376,1
11377,1
11378,0
11379,0
11380,0
11381,1
11382,0
11383,0
11384,1
11385,0
11386,0
11387,0
11388,1
11389,1
11390,1
11391,0
11392,1
11393,1
11394,0
11395,0
11396,1
11397,1
11398,0
11399,0
11400,0
11401,1
11402,0
11403,1
11404,1
11405,1
11406,0
11407,1
11408,0
11409,1
11410,1
11411,0
11412,0
11413,1
11414,1
11415,1
11416,0
11417,0
11418,1
11419,0
11420,0
11421,1
11422,0
11423,0
11424,1
11425,0
11426,0
11427,0
11428,0
11429,0
11430,0
11431,1
11432,1
11433,1
11434,1
11435,0
11436,0
11437,0
11438,0
11439,0
11440,1
11441,0
11442,0
11443,0
11444,1
11445,0
11446,1
11447,1
11448,0
11449,0
11450,1
11451,0
11452,0
11453,0
11454,0
11455,1
11456,1
11457,1
11458,0
11459,0
11460,1
11461,0
11462,1
11463,1
11464,0
11465,1
11466,1
11467,1
11468,0
11469,0
11470,0
11471,1
11472,0
11473,0
11474,1
11475,1
11476,1
11477,1
11478,0
11479,1
11480,1
11481,1
11482,0
11483,0
11484,1
11485,1
11486,0
11487,0
11488,0
11489,1
11490,0
11491,1
11492,1
11493,1
11494,0
11495,1
11496,0
11497,0
11498,1
11499,1
11500,1
11501,1
11502,0
11503,0
11504,1
11505,1
11506,0
11507,0
11508,1
11509,1
11510,0
11511,1
11512,0
11513,0
11514,0
11515,0
11516,0
11517,1
11518,1
11519,0
11520,0
11521,0
11522,1
11523,1
11524,1
11525,1
11526,0
11527,0
11528,1
11529,1
11530,0
11531,1
11532,1
11533,0
11534,1
11535,0
11536,0
11537,1
11538,1
11539,0
11540,1
11541,0
11542,0
11543,1
11544,1
11545,1
11546,1
11547,1
11548,0
11549,1
11550,0
11551,1
11552,0
11553,0
11554,0
11555,0
11556,1
11557,1
11558,1
11559,1
11560,1
11561,0
11562,0
11563,1
11564,1
11565,1
11566,1
11567,0
11568,1
11569,0
11570,1
11571,0
11572,1
11573,1
11574,1
11575,0
11576,0
11577,1
11578,1
11579,0
11580,0
11581,1
11582,1
11583,1
11584,0
11585,0
11586,0
11587,1
11588,1
11589,0
11590,1
11591,1
11592,1
11593,0
11594,1
11595,1
11596,1
11597,1
11598,0
11599,1
11600,0
11601,0
11602,1
11603,0
11604,0
11605,0
11606,1
11607,1
11608,1
11609,1
11610,1
11611,1
11612,1
11613,0
11614,1
11615,1
11616,1
11617,0
11618,1
11619,1
11620,1
11621,1
11622,1
11623,0
11624,1
11625,0
11626,0
11627,0
11628,0
11629,0
11630,0
11631,1
11632,1
11633,1
11634,1
11635,0
11636,1
11637,1
11638,1
11639,1
11640,0
11641,1
11642,0
11643,0
11644,1
11645,0
11646,1
11647,0
11648,0
11649,0
11650,0
11651,0
11652,1
11653,1
11654,0
11655,0
11656,0
11657,1
11658,1
11659,1
11660,0
11661,1
11662,1
11663,0
11664,1
11665,0
11666,1
11667,1
11668,1
11669,0
11670,0
11671,0
11672,1
11673,0
11674,1
11675,1
11676,1
11677,0
11678,1
11679,1
11680,1
11681,0
11682,1
11683,0
11684,1
11685,1
11686,0
11687,1
11688,0
11689,1
11690,0
11691,1
11692,1
11693,1
11694,0
11695,1
11696,0
11697,0
11698,1
11699,0
11700,1
11701,1
11702,1
11703,1
11704,1
11705,0
11706,0
11707,0
11708,1
11709,0
11710,1
11711,1
11712,1
11713,0
11714,1
11715,0
11716,0
11717,0
11718,0
11719,1
11720,0
11721,1
11722,1
11723,0
11724,1
11725,0
11726,1
11727,1
11728,1
11729,0
11730,1
11731,0
11732,0
11733,0
11734,1
11735,0
11736,1
11737,1
11738,1
11739,1
11740,0
11741,1
11742,1
11743,1
11744,1
11745,1
11746,1
11747,1
11748,1
11749,0
11750,1
11751,1
11752,0
11753,0
11754,1
11755,1
11756,0
11757,0
11758,0
11759,0
11760,0
11761,0
11762,0
11763,0
11764,0
11765,0
11766,0
11767,0
11768,1
11769,1
11770,0
11771,1
11772,1
11773,0
11774,1
11775,0
11776,0
11777,1
11778,0
11779,1
11780,0
11781,0
11782,0
11783,1
11784,1
11785,0
11786,1
11787,0
11788,1
11789,0
11790,0
11791,0
11792,0
11793,1
11794,1
11795,0
11796,1
11797,1
11798,1
11799,0
11800,1
11801,0
11802,0
11803,1
11804,0
11805,0
11806,0
11807,1
11808,1
11809,0
11810,0
11811,1
11812,0
11813,1
11814,0
11815,0
11816,0
11817,1
11818,1
11819,1
11820,1
11821,0
11822,0
11823,0
11824,1
11825,0
11826,1
11827,0
11828,0
11829,0
11830,1
11831,0
11832,0
11833,0
11834,1
11835,0
11836,0
11837,1
11838,0
11839,0
11840,0
11841,0
11842,1
11843,0
11844,0
11845,1
11846,0
11847,1
11848,1
11849,0
11850,0
11851,1
11852,0
11853,1
11854,1
11855,0
11856,1
11857,1
11858,1
11859,1
11860,1
11861,0
11862,0
11863,0
11864,1
11865,1
11866,0
11867,0
11868,1
11869,0
11870,0
11871,0
11872,1
11873,1
11874,0
11875,1
11876,1
11877,0
11878,0
11879,0
11880,1
11881,1
11882,0
11883,0
11884,1
11885,1
11886,0
11887,1
11888,1
11889,1
11890,1
11891,1
11892,0
11893,1
11894,0
11895,0
11896,1
11897,0
11898,1
11899,1
11900,1
11901,0
11902,0
11903,1
11904,0
11905,1
11906,0
11907,0
11908,1
11909,1
11910,0
11911,1
11912,0
11913,1
11914,1
11915,0
11916,1
11917,0
11918,0
11919,1
11920,0
11921,0
11922,0
11923,0
11924,1
11925,1
11926,0
11927,0
11928,0
11929,0
11930,1
11931,1
11932,0
11933,1
11934,0
11935,0
11936,1
11937,1
11938,0
11939,1
11940,0
11941,0
11942,1
11943,1
11944,0
11945,1
11946,0
11947,1
11948,1
11949,1
11950,1
11951,0
11952,0
11953,0
11954,0
11955,0
11956,0
11957,0
11958,0
11959,1
11960,0
11961,0
11962,1
11963,0
11964,0
11965,1
11966,1
11967,0
11968,1
11969,0
11970,0
11971,1
11972,0
11973,1
11974,1
11975,0
11976,1
11977,0
11978,0
11979,0
11980,0
11981,1
11982,0
11983,1
11984,0
11985,0
11986,0
11987,0
11988,1
11989,1
11990,0
11991,1
11992,1
11993,1
11994,1
11995,1
11996,1
11997,0
11998,0
11999,0
12000,1
12001,0
12002,1
12003,1
12004,1
12005,0
12006,0
12007,1
12008,1
12009,0
12010,0
12011,0
12012,0
12013,0
12014,0
12015,0
12016,1
12017,0
12018,1
12019,1
12020,1
12021,0
12022,0
12023,0
12024,0
12025,1
12026,0
12027,1
12028,0
12029,1
12030,1
12031,1
12032,1
12033,0
12034,1
12035,0
12036,1
12037,0
12038,0
12039,0
12040,0
12041,0
12042,1
12043,1
12044,1
12045,1
12046,0
12047,1
12048,0
12049,1
12050,1
12051,0
12052,0
12053,1
12054,0
12055,0
12056,0
12057,0
12058,1
12059,1
12060,0
12061,0
12062,0
12063,1
12064,0
12065,1
12066,1
12067,1
12068,1
12069,1
12070,1
12071,1
12072,1
12073,0
12074,0
12075,0
12076,0
12077,1
12078,0
12079,0
12080,0
12081,1
12082,0
12083,1
12084,1
12085,1
12086,0
12087,0
12088,0
12089,1
12090,0
12091,1
12092,0
12093,1
12094,0
12095,0
12096,0
12097,1
12098,0
12099,1
12100,1
12101,1
12102,1
12103,1
12104,1
12105,1
12106,1
12107,0
12108,0
12109,0
12110,1
12111,0
12112,0
12113,0
12114,0
12115,1
12116,1
12117,0
12118,1
12119,1
12120,0
12121,1
12122,0
12123,1
12124,1
12125,1
12126,0
12127,1
12128,1
12129,1
12130,1
12131,0
12132,0
12133,0
12134,1
12135,1
12136,1
12137,1
12138,1
12139,0
12140,1
12141,1
12142,1
12143,0
12144,1
12145,0
12146,0
12147,0
12148,1
12149,0
12150,0
12151,1
12152,1
12153,0
12154,1
12155,0
12156,0
12157,0
12158,0
12159,1
12160,0
12161,1
12162,1
12163,0
12164,1
12165,0
12166,1
12167,0
12168,1
12169,1
12170,0
12171,1
12172,0
12173,1
12174,0
12175,0
12176,1
12177,0
12178,0
12179,0
12180,0
12181,1
12182,0
12183,0
12184,0
12185,0
12186,0
12187,1
12188,0
12189,1
12190,1
12191,0
12192,0
12193,1
12194,1
12195,1
12196,0
12197,1
12198,1
12199,0
12200,0
12201,1
12202,1
12203,1
12204,1
12205,1
12206,0
12207,0
12208,0
12209,1
12210,1
12211,1
12212,1
12213,0
12214,1
12215,1
12216,1
12217,1
12218,1
12219,0
12220,1
12221,1
12222,0
12223,1
12224,1
12225,0
12226,0
12227,1
12228,0
12229,0
12230,0
12231,1
12232,0
12233,0
12234,0
12235,0
12236,1
12237,0
12238,0
12239,1
12240,1
12241,1
12242,1
12243,1
12244,1
12245,1
12246,0
12247,0
12248,0
12249,0
12250,1
12251,1
12252,1
12253,0
12254,0
12255,1
12256,0
12257,1
12258,1
12259,0
12260,0
12261,1
12262,0
12263,0
12264,0
12265,1
12266,1
12267,1
12268,0
12269,0
12270,0
12271,0
12272,1
12273,0
12274,0
12275,0
12276,1
12277,0
12278,0
12279,0
12280,1
12281,0
12282,0
12283,1
12284,0
12285,1
12286,1
12287,0
12288,1
12289,0
12290,0
12291,0
12292,0
12293,0
12294,0
12295,1
12296,1
12297,1
12298,0
12299,1
12300,0
12301,1
12302,1
12303,0
12304,0
12305,0
12306,1
12307,0
12308,1
12309,1
12310,1
12311,0
12312,1
12313,0
12314,0
12315,0
12316,0
12317,1
12318,0
12319,1
12320,0
12321,0
12322,0
12323,0
12324,0
12325,1
12326,1
12327,1
12328,0
12329,0
12330,0
12331,1
12332,0
12333,0
12334,1
12335,1
12336,1
12337,0
12338,1
12339,1
12340,1
12341,0
12342,0
12343,1
12344,1
12345,1
12346,1
12347,1
12348,0
12349,1
12350,0
12351,1
12352,0
12353,1
12354,1
12355,1
12356,1
12357,0
12358,1
12359,0
12360,0
12361,0
12362,0
12363,1
12364,0
12365,0
12366,0
12367,0
12368,1
12369,0
12370,0
12371,0
12372,1
12373,1
12374,1
12375,0
12376,0
12377,0
12378,0
12379,0
12380,0
12381,0
12382,0
12383,0
12384,1
12385,0
12386,0
12387,1
12388,1
12389,1
12390,1
12391,0
12392,0
12393,0
12394,1
12395,1
12396,1
12397,1
12398,1
12399,1
12400,0
12401,0
12402,1
12403,0
12404,1
12405,1
12406,1
12407,0
12408,1
12409,0
12410,1
12411,0
12412,0
12413,1
12414,1
12415,1
12416,0
12417,1
12418,1
12419,1
12420,1
12421,0
12422,0
12423,1
12424,1
12425,0
12426,1
12427,0
12428,1
12429,1
12430,0
12431,0
12432,0
12433,0
12434,0
12435,0
12436,0
12437,0
12438,0
12439,0
12440,0
12441,1
12442,1
12443,0
12444,0
12445,1
12446,1
12447,0
12448,0
12449,1
12450,1
12451,1
12452,0
12453,1
12454,1
12455,1
12456,0
12457,1
12458,1
12459,0
12460,0
12461,0
12462,1
12463,0
12464,0
12465,1
12466,1
12467,1
12468,1
12469,1
12470,0
12471,0
12472,0
12473,1
12474,1
12475,1
12476,0
12477,0
12478,1
12479,1
12480,1
12481,1
12482,1
12483,1
12484,0
12485,1
12486,0
12487,0
12488,0
12489,0
12490,0
12491,0
12492,0
12493,0
12494,0
12495,1
12496,1
12497,1
12498,0
12499,0
12500,1
